/score : {
	/engine : "reartic",
	/instrument : "violin",
	/samples : ["Vn-art-harm-trem-A#7-mf-2c.aif", "Vn-art-harm-B7-mf-1c.aif", "Vn-art-harm-trem-A#7-mf-1c.aif"],
	/suffix : "_violin_reartic.wav",
	/time : 5.36882,
	/events : [{
		/pitch : 1.05946,
		/buffer : "violin.reartic.1",
		/event/time : 0.05,
		/envelope : [0., 0., 0., 0.563109, 37.3022, 0.598038, 0.193753, 25.6415, -0.028426, 0.709437, 13.3055, 0.232794, 0.130428, 5.60951, 0.5961, 0.209511, 30.0295, -0.4052, 0.485844, 5.11236, -0.334261, 0.29911, 32.5215, 0.542426, 0.253208, 7.24456, -0.132478, 0.0964323, 53.3444, -0.456201, 0.14379, 9.03351, 0.542878, 0.377924, 12.4986, 0.651053, 0.345469, 67.9218, -0.57047, 0.954599, 18.0629, 0.100565, 0.978657, 718.938, -0.338555, 0.323524, 66.5984, -0.56898, 0.448015, 55.2915, 0.667492, 0.983647, 23.939, -0.731156, 0.863568, 60.8927, -0.655734, 0.719819, 18.0994, -0.518868, 0.711333, 27.8974, 0.184176, 0.939708, 15.5471, -0.0915232, 0.110057, 21.952, -0.24354, 0.00554003, 61.4988, -0.640725, 0.983294, 23.4772, -0.262709, 0.902234, 13.1549, 0.459414, 0.523882, 7.77753, 0.152847, 0.714296, 57.2507, -0.262084, 0.369016, 0.29282, 0.534707, 0.150387, 540.648, -0.41167, 0.681735, 4.25753, -0.663568, 0.603444, 84.8385, 0.509939, 0.0216365, 16.6799, -0.274126, 0.991676, 59.9204, 0.654759, 0.672022, 49.0348, 0.718744, 0.366246, 7.33217, 0.714049, 0.336206, 51.7205, 0.120623, 0.373788, 826.736, -0.0715918, 0.22964, 66.271, -0.0947619, 0.290727, 41.1355, 0.028406, 0.751424, 144.292, -0.184577, 0.861034, 121.821, 0.385855, 0.394237, 135.468, 0.167796, 0.171449, 363.15, 0.38969, 0.496028, 42.5981, 0.120997, 0.373301, 35.8798, 0.338396, 0.526836, 87.5549, 0.0128521, 0.82627, 90.8016, -0.554549, 0.554061, 166.255, -0.508547, 0., 942.189, 0.]
	}, {
		/pitch : 1.05946,
		/buffer : "violin.reartic.1",
		/event/time : 0.9897,
		/envelope : [0., 0., 0., 0.0692711, 32.1854, -0.381985, 0.528333, 34.5967, 0.280915, 0.071657, 56.867, 0.683165, 0.723438, 0.606252, 0.544771, 0.295352, 43.866, 0.162177, 0.581188, 67.6659, 0.0795164, 0.335561, 33.2652, -0.318442, 0.684966, 28.6699, -0.620207, 0.467467, 30.9173, -0.54613, 0.977614, 59.8839, 0.53204, 0.226658, 51.4105, 0.601898, 0.20402, 54.3915, 0.669666, 0.205148, 26.8169, -0.147877, 0.060908, 488.736, 0.0787265, 0.699951, 40.522, 0.646877, 0.359195, 30.149, -0.241771, 0.938848, 36.3557, -0.187016, 0.061398, 14.7056, -0.1059, 0.942717, 33.9568, 0.417581, 0.756838, 36.9524, -0.384205, 0.653695, 27.7699, 0.177592, 0.432569, 38.7111, 0.615284, 0.245079, 42.5216, -0.249214, 0.0190129, 29.6002, 0.149586, 0.428454, 34.0595, 0.529206, 0.23106, 25.741, -0.0112082, 0.642344, 0.737196, -0.0561401, 0.267388, 21.289, -0.333231, 0.244285, 7.82696, 0.571549, 0.132884, 5.17196, -0.165895, 0.178187, 2.43192, -0.354687, 0.526764, 43.3455, 0.729473, 0.217564, 28.2653, -0.246607, 0.32506, 30.449, 0.0780719, 0.428516, 500.2, -0.0898348, 0.752337, 38.0414, 0.282763, 0.26124, 31.5773, 0.742755, 0.598426, 23.6108, -0.317755, 0.266922, 55.5945, 0.395286, 0.201045, 19.2235, 0.0365553, 0.702311, 51.3482, -0.444569, 0.252701, 53.4634, 0.314876, 0.927126, 52.1628, 0.544931, 0.149734, 18.7847, -0.323466, 0.938418, 56.2179, 0.12138, 0.614383, 57.6126, 0.480943, 0.518027, 20.9164, 0.376523, 0.579559, 42.4863, -0.225322, 0.287333, 17.8904, 0.0350531, 0.353274, 49.3709, -0.328133, 0.636888, 374.266, 0.342836, 0.114374, 56.5838, 0.0626431, 0.312768, 145.149, 0.554054, 0.997862, 112.48, -0.293763, 0.886896, 87.6934, -0.439668, 0.733378, 115.303, 0.22025, 0.596475, 659.371, -0.0794965, 0.904261, 123.596, 0.430837, 0.209766, 114.863, -0.520417, 0., 950.571, 0.]
	}, {
		/pitch : 1.,
		/buffer : "violin.reartic.2",
		/event/time : 2.19789,
		/envelope : [0., 0., 0., 0.126397, 30., -0.768506, 0.851722, 5308.82, -0.1046, 0., 30., 0.]
	}, {
		/pitch : 1.05946,
		/buffer : "violin.reartic.3",
		/event/time : 2.8691,
		/envelope : [0., 0., 1., 0.903134, 2587.07, -0.204086, 0.903134, 502.577, 1., 0., 2279.17, 0.212819]
	}, {
		/pitch : 1.05946,
		/buffer : "violin.reartic.3",
		/event/time : 3.8088,
		/envelope : [0., 0., 0., 0.791633, 30., -0.601588, 0.0763989, 5308.82, -0.822206, 0., 30., 0.]
	}, {
		/pitch : 1.,
		/buffer : "violin.reartic.2",
		/event/time : 4.48002,
		/envelope : [0., 0., 0., 0.0511081, 20.6349, -0.211415, 0.0434527, 27.375, 0.74623, 0.0662645, 40.1171, 0.0074648, 0.536048, 35.8997, -0.708192, 0.33013, 18.0113, -0.727358, 0.0617057, 33.7629, 0.381394, 0.523542, 31.4403, -0.0366618, 0.187258, 35.8105, 0.152216, 0.493983, 22.9757, 0.566789, 0.221697, 15.131, -0.150911, 0.445326, 0.704801, 0.112321, 0.101287, 18.6534, 0.713377, 0.225335, 29.7286, 0.710528, 0.321377, 35.2103, 0.171168, 0.705893, 17.9104, -0.541321, 0.5399, 10.3943, -0.671495, 0.0399998, 23.417, 0.224265, 0.0168665, 26.5189, 0.330391, 0.21029, 12.3658, -0.23125, 0.205071, 25.0753, -0.437104, 0.49773, 18.4218, 0.429225, 0.0942225, 31.1, 0.256124, 0.539448, 21.2807, -0.503372, 0.172882, 467.419, -0.544467, 0.406402, 74.4476, 0.56187, 0.384187, 82.5206, 0.311557, 0.644448, 2.82253, -0.0631824, 0.855435, 52.0592, 0.442353, 0.799368, 36.222, -0.592305, 0.796942, 43.5775, 0.382035, 0.223779, 20.7015, 0.517103, 0.333566, 10.7096, -0.474025, 0.977078, 19.1547, -0.733032, 0.684082, 2.10022, -0.316791, 0.901668, 61.3074, -0.587619, 0.082821, 652.658, 0.739547, 0.630627, 12.0365, 0.0772341, 0.426638, 22.6393, 0.0661798, 0.937133, 39.8555, -0.607857, 0.626665, 25.5628, -0.43674, 0.470002, 28.4307, 0.249039, 0.0955164, 36.3485, -0.063523, 0.104415, 59.9729, -0.419342, 0.757659, 30.1615, -0.747844, 0.935734, 83.548, -0.576946, 0.317813, 16.1179, -0.258951, 0.949838, 590.317, 0.726351, 0.782539, 45.2046, -0.660789, 0.897298, 3.03437, 0.165437, 0.828225, 66.1032, -0.681786, 0.256847, 101.698, -0.246953, 0.410382, 65.8463, 0.366959, 0.189881, 26.0628, 0.460539, 0.569663, 62.6287, 0.40737, 0.523817, 852.547, -0.511173, 0., 1123.06, 0.]
	}, {
		/pitch : 1.05946,
		/buffer : "violin.reartic.3",
		/event/time : 5.15123,
		/envelope : [0., 0., 0., 0.33767, 34.0509, 0.0960291, 0.68528, 2.85475, -0.331096, 0.394352, 21.6912, -0.715415, 0.662701, 16.6504, 0.108442, 0.149446, 20.2913, -0.0311332, 0.681347, 20.3417, -0.721297, 0.710407, 8.02647, 0.582856, 0.39298, 38.4698, -0.222662, 0.695512, 6.31562, 0.198207, 0.33586, 39.2577, 0.198082, 0.821715, 39.51, 0.270098, 0.0332138, 27.4093, 0.296791, 0.7802, 26.2407, -0.671721, 0.747474, 7.76645, 0.254746, 0.408713, 39.2945, -0.430583, 0.497598, 3.71419, 0.269016, 0.910855, 17.9038, 0.260581, 0.433098, 17.5967, 0.21514, 0.877119, 6.54752, 0.108186, 0.341039, 20.4754, -0.565602, 0.123694, 6.16906, -0.371925, 0.986503, 5.91908, -0.342519, 0.0954159, 18.7888, 0.163101, 0.471839, 19.7887, -0.712682, 0.869341, 32.9351, -0.527293, 0.947878, 524.746, -0.47753, 0.243724, 20.6474, -0.608241, 0.52058, 40.2158, 0.316383, 0.0281966, 34.8538, -0.526359, 0.641355, 42.3293, 0.15379, 0.0311197, 18.7952, -0.40954, 0.734196, 36.7396, 0.738942, 0.0675214, 40.7181, 0.215178, 0.278729, 10.1149, -0.141597, 0.759288, 23.0217, -0.605905, 0.624675, 38.8622, 0.114094, 0.224801, 23.4724, 0.360662, 0.708448, 45.9642, -0.181126, 0.57854, 9.02852, 0.630548, 0.902849, 35.5197, 0.539164, 0.310518, 38.6118, -0.701357, 0.0213273, 34.2002, -0.420762, 0.119129, 37.2057, -0.0107792, 0.88758, 17.8218, 0.418461, 0.151474, 5.94024, -0.272873, 0.979225, 22.8421, -0.735713, 0.444474, 415.344, -0.533989, 0.138564, 71.4126, -0.3698, 0.183751, 26.9921, -0.0809132, 0.562332, 37.5401, -0.261449, 0.541526, 27.246, -0.610951, 0.808599, 68.3693, -0.253953, 0.163086, 44.3708, -0.255675, 0.932438, 67.2101, 0.13416, 0.202265, 29.2584, 0.208871, 0.359895, 48.5055, -0.274709, 0.480034, 69.1459, -0.662472, 0.101883, 58.0896, -0.105859, 0.220255, 0.803725, 0.288829, 0.818039, 70.3618, 0.351506, 0.626627, 488.163, 0.682455, 0.944369, 123.468, -0.0298694, 0.57618, 19.3753, -0.00718818, 0.0622833, 34.8224, -0.097358, 0.541385, 137.432, 0.388701, 0.590099, 589.761, -0.214907, 0.498486, 50.1496, 0.584022, 0.834296, 156.243, 0.714327, 0.445389, 220.157, 0.604463, 0., 914.938, 0.]
	}, {
		/pitch : 1.05946,
		/buffer : "violin.reartic.1",
		/event/time : 5.41882,
		/envelope : [0., 0., 0., 0.14812, 30., 0.653384, 0.95791, 5308.82, 0.0269733, 0., 30., 0.]
	}]
},
/time : 5.6257,
/prefix : "112513346.0342"