/score : {
	/engine : "reartic",
	/instrument : "oboe",
	/samples : ["Ob-ord-A6-ff.aif", "Ob-lip-gl-dsc-fst-G6-mf.aif", "Ob-lip-gl-asc-fst-G6-mf.aif", "Ob-ord-A6-pp.aif"],
	/suffix : "_oboe_reartic.wav",
	/time : 2.6369,
	/events : [{
		/pitch : 1.27348,
		/buffer : "oboe.reartic.4",
		/event/time : 0.05,
		/envelope : [0., 0., 0., 0.476627, 44.36, 0.423785, 0.705074, 2.61211, 0.697885, 0.215336, 96.2506, 0.166278, 0.495798, 139.012, 0.581684, 0.909585, 40.7615, 0.268073, 0.52529, 71.252, -0.575004, 0.226811, 36.0363, -0.520698, 0.680068, 658.829, -0.393417, 0.418728, 58.9155, 0.430426, 0.654214, 96.7304, -0.0368761, 0.625998, 20.6381, 0.0655644, 0.0915709, 51.0511, -0.316643, 0.497836, 31.7224, 0.365277, 0.620652, 676.613, -0.159185, 0., 612.113, 0.]
	}, {
		/pitch : 1.42943,
		/buffer : "oboe.reartic.2",
		/event/time : 0.398878,
		/envelope : [0., 0., 0., 0.843143, 30., -0.132856, 0.14261, 2576.9, -0.0601444, 0., 30., 0.]
	}, {
		/pitch : 1.27348,
		/buffer : "oboe.reartic.4",
		/event/time : 0.747756,
		/envelope : [0., 0., 0., 0.635596, 2.70731, -0.616761, 0.25757, 25.2147, -0.432094, 0.860516, 44.018, 0.128553, 0.61075, 63.7068, -0.740016, 0.348346, 61.8186, 0.473704, 0.559107, 12.1326, -0.505744, 0.525097, 48.6398, -0.183047, 0.0125436, 60.7276, 0.375014, 0.903207, 57.1027, -0.512839, 0.089294, 656.346, -0.379013, 0.715877, 160.969, 0.0244503, 0.830983, 139.581, 0.0808961, 0.176875, 153.882, -0.274632, 0.605232, 147.643, -0.602795, 0.106504, 13.1358, 0.644376, 0.509466, 699.151, 0.600351, 0., 290.121, 0.]
	}, {
		/pitch : 1.27348,
		/buffer : "oboe.reartic.1",
		/event/time : 1.91068,
		/envelope : [0., 0., 0., 0.455097, 156.116, 0.388626, 0.391529, 71.4367, -0.407513, 0.876357, 12.7104, 0.632808, 0.00671983, 195.311, -0.20953, 0.448416, 171.268, 0.0370921, 0.344635, 543.158, -0.733949, 0.262227, 79.1033, -0.611449, 0.41029, 14.5206, 0.513579, 0.714325, 13.4225, 0.00935612, 0.823804, 8.00911, 0.0118867, 0.0863998, 1200.31, -0.140243, 0., 171.533, 0.]
	}, {
		/pitch : 1.42943,
		/buffer : "oboe.reartic.2",
		/event/time : 2.25956,
		/envelope : [0., 0., 0., 0.684166, 30.3266, 0.139773, 0.437104, 55.5946, 0.410447, 0.584775, 48.6333, -0.567524, 0.953539, 101.426, 0.67176, 0.272362, 59.1404, -0.120531, 0.240517, 14.1517, 0.704001, 0.153768, 99.1915, 0.60499, 0.112582, 710.799, 0.0626614, 0.98777, 112.42, 0.564688, 0.245287, 188.489, 0.709986, 0.645024, 18.6992, -0.397837, 0.148474, 64.1621, -0.346468, 0.586654, 932.615, 0.202557, 0., 201.248, 0.]
	}, {
		/pitch : 1.42943,
		/buffer : "oboe.reartic.3",
		/event/time : 2.6869,
		/envelope : [0., 0., 0., 0.94094, 80.2615, 0.449147, 0.597598, 89.1455, -0.198141, 0.809312, 74.3522, 0.128678, 0.495405, 28.0432, 0.251802, 0.125074, 78.6681, -0.369261, 0.611865, 47.2936, 0.446775, 0.904488, 128.868, 0.730894, 0.271819, 627.025, 0.150513, 0.817053, 10.9027, 0.448726, 0.488098, 54.3277, -0.330707, 0.175161, 65.1311, -0.299761, 0.000449712, 126.151, -0.561173, 0.259914, 687.235, 0.139691, 0., 539.492, 0.]
	}]
},
/time : 4.06316,
/prefix : "112514153.0641"