/score : {
	/engine : "reartic",
	/instrument : "violin",
	/samples : ["Vn-art-harm-trem-A#7-mf-2c.aif", "Vn-art-harm-B7-mf-1c.aif", "Vn-art-harm-trem-A#7-mf-1c.aif"],
	/suffix : "_violin_reartic.wav",
	/time : 4.43546,
	/events : [{
		/pitch : 1.05946,
		/buffer : "violin.reartic.3",
		/event/time : 0.05,
		/envelope : [0., 0., 1., 0.803347, 1098.41, -0.426036, 0.803347, 224.645, 1., 0., 3112.41, -0.0443165]
	}, {
		/pitch : 1.05946,
		/buffer : "violin.reartic.1",
		/event/time : 0.181396,
		/envelope : [0., 0., 0., 0.887286, 30., -0.48247, 0.0867857, 4375.46, -0.177632, 0., 30., 0.]
	}, {
		/pitch : 1.05946,
		/buffer : "violin.reartic.3",
		/event/time : 1.23257,
		/envelope : [0., 0., 0., 0.967992, 30., -0.00681508, 0.0573029, 4375.46, 0.48338, 0., 30., 0.]
	}, {
		/pitch : 1.05946,
		/buffer : "violin.reartic.3",
		/event/time : 2.28374,
		/envelope : [0., 0., 0., 0.0726998, 30., -0.768381, 0.847847, 4375.46, 0.137591, 0., 30., 0.]
	}, {
		/pitch : 1.05946,
		/buffer : "violin.reartic.3",
		/event/time : 3.5977,
		/envelope : [0., 0., 0., 0.984798, 30., -0.0416307, 0.0668498, 4375.46, 0.826828, 0., 30., 0.]
	}, {
		/pitch : 1.05946,
		/buffer : "violin.reartic.1",
		/event/time : 4.25468,
		/envelope : [0., 0., 0., 0.21255, 2.27208, 0.370235, 0.232061, 74.914, -0.729668, 0.131722, 77.7658, 0.0974066, 0.690246, 74.6661, -0.0219318, 0.949573, 71.6399, -0.207352, 0.45653, 32.1756, -0.649337, 0.346079, 85.7271, 0.211697, 0.983262, 15.8973, 0.0934753, 0.675761, 46.0291, 0.629778, 0.617174, 36.4284, -0.396084, 0.19457, 497.008, -0.0308806, 0.206197, 59.8688, -0.587775, 0.304044, 60.3012, 0.661772, 0.107186, 18.3717, -0.505245, 0.444866, 77.3936, -0.0976833, 0.0505994, 1.37773, 0.512884, 0.497653, 14.6444, -0.70248, 0.874021, 10.5578, -0.261837, 0.268422, 32.4827, -0.479278, 0.245135, 18.952, 0.18166, 0.257617, 46.6877, 0.451102, 0.202381, 36.1568, 0.248836, 0.679386, 752.421, 0.351723, 0.970892, 159.491, 0.749957, 0.08621, 156.943, 0.376924, 0.44053, 133.531, 0.365947, 0.331625, 130.959, 0.573074, 0.0919275, 30.981, 0.0691047, 0.877164, 295.321, -0.267499, 0.462766, 313.869, -0.145579, 0.399935, 61.5126, 0.0928638, 0., 1009.12, 0.]
	}, {
		/pitch : 1.,
		/buffer : "violin.reartic.2",
		/event/time : 4.48546,
		/envelope : [0., 0., 0., 0.0918643, 30.6776, -0.444158, 0.304845, 55.4799, -0.426251, 0.0669361, 59.3084, 0.514829, 0.266076, 74.5851, 0.636985, 0.370057, 24.6982, 0.440726, 0.887214, 41.6053, -0.366776, 0.703881, 75.3106, 0.386648, 0.250661, 76.9224, 0.668164, 0.723456, 1.89988, -0.10544, 0.921514, 14.9767, 0.460707, 0.628566, 608.327, 0.133508, 0.108199, 40.7681, 0.400881, 0.50262, 67.3964, -0.466037, 0.306996, 66.4214, -0.386146, 0.265699, 33.0736, 0.294479, 0.778138, 55.5659, -0.667787, 0.0563867, 36.9657, -0.120367, 0.01074, 24.6063, -0.574055, 0.145919, 11.5977, 0.661544, 0.702212, 48.6256, -0.10799, 0.53767, 11.9816, 0.526273, 0.409703, 8.96877, -0.616684, 0.431147, 12.1799, 0.0268425, 0.52676, 67.8338, 0.00488771, 0.930627, 492.394, -0.528797, 0.318503, 11.31, 0.464307, 0.950529, 105.643, -0.539568, 0.887444, 33.5099, 0.527934, 0.539364, 100.5, 0.589871, 0.380803, 35.4226, -0.0633822, 0.774602, 13.3388, 0.370316, 0.406637, 27.7903, 0.0636675, 0.108617, 36.2415, -0.579527, 0.753101, 743.245, 0.436856, 0.0409068, 54.5695, 0.101184, 0.0564831, 75.5772, 0.4969, 0.86576, 100.743, 0.292206, 0.499798, 23.5254, -0.678596, 0.481946, 102.664, -0.419576, 0., 929.212, 0.]
	}]
},
/time : 5.82834,
/prefix : "11251367.0503"