/score : {
	/engine : "reartic",
	/instrument : "violin",
	/samples : ["Vn-ord-A#5-mf-3c.aif", "Vn-sfz-A#5-fp-2c.aif", "Vn-trem-A#5-mf-1c.aif", "Vn-ord-A#5-mf-2c.aif", "Vn-nonvib-A#5-mf-1c.aif"],
	/suffix : "_violin_reartic.wav",
	/time : 2.66053,
	/events : [{
		/pitch : 1.,
		/buffer : "violin.reartic.5",
		/event/time : 0.05,
		/envelope : [0., 0., 0., 0.549325, 51.9869, -0.199551, 0.195468, 55.6419, -0.166564, 0.176368, 48.7749, 0.631113, 0.173225, 46.395, -0.282976, 0.0186161, 23.9126, -0.651212, 0.32983, 50.9048, -0.101373, 0.730782, 55.4691, -0.691671, 0.541571, 38.9578, 0.699958, 0.981936, 21.7724, -0.721127, 0.107196, 33.9867, 0.181383, 0.738145, 71.7459, -0.22518, 0.0614825, 628.786, -0.256441, 0.715686, 194.297, 0.474376, 0.276648, 54.0316, -0.471152, 0.766666, 119.967, -0.70712, 0.240731, 19.5381, 0.378323, 0., 1144.36, 0.]
	}, {
		/pitch : 1.,
		/buffer : "violin.reartic.1",
		/event/time : 1.35012,
		/envelope : [0., 0., 0., 0.66037, 56.6497, -0.184906, 0.0331113, 14.3313, 0.312506, 0.561359, 12.483, 0.460347, 0.85004, 102.228, -0.618819, 0.295965, 65.7598, -0.106991, 0.454842, 101.691, -0.180099, 0.84156, 73.7011, 0.408428, 0.948929, 3.40714, 0.211395, 0.916391, 81.6848, -0.524099, 0.383223, 661.71, -0.46385, 0.219687, 6.51654, -0.531001, 0.188527, 165.461, -0.341562, 0.120318, 909.362, -0.194511, 0.496844, 140.195, 0.054758, 0., 265.349, 0.]
	}, {
		/pitch : 1.,
		/buffer : "violin.reartic.4",
		/event/time : 1.82289,
		/envelope : [0., 0., 0., 0.131161, 30., 0.211889, 0.872509, 2600.53, -0.445866, 0., 30., 0.]
	}, {
		/pitch : 1.,
		/buffer : "violin.reartic.3",
		/event/time : 2.65024,
		/envelope : [0., 0., 0., 0.770971, 60.8854, 0.186942, 0.212708, 85.1546, -0.658988, 0.66592, 30.6553, 0.125013, 0.113663, 22.0509, 0.379747, 0.334627, 99.1885, 0.218211, 0.733387, 29.0148, -0.747137, 0.857007, 82.7032, -0.0562392, 0.861799, 23.2472, 0.686007, 0.00896916, 35.2913, -0.640118, 0.0857449, 79.5436, 0.283893, 0.0531302, 487.37, 0.397293, 0.364867, 58.6087, 0.465104, 0.239071, 160.788, -0.456181, 0.269226, 90.8092, -0.211625, 0.338318, 42.4946, -0.238735, 0.168241, 165.883, 0.478452, 0.927643, 689.266, -0.561644, 0.309245, 136.95, -0.0584072, 0., 280.626, 0.]
	}, {
		/pitch : 1.,
		/buffer : "violin.reartic.2",
		/event/time : 2.71053,
		/envelope : [0., 0., 0., 0.295763, 8.59671, -0.628505, 0.707309, 47.9539, 0.564947, 0.972311, 31.3909, -0.0767517, 0.0417177, 11.7051, -0.42713, 0.830212, 36.7525, -0.397235, 0.00638121, 76.0964, 0.0127789, 0.791476, 68.2215, -0.584011, 0.693857, 14.0093, 0.343766, 0.490276, 81.5221, -0.38553, 0.223503, 70.1681, 0.144511, 0.760061, 37.1793, -0.158308, 0.930181, 61.3327, 0.582129, 0.337665, 467.774, 0.443978, 0.195134, 35.1264, 0.0539453, 0.311473, 2.38179, 0.665777, 0.317401, 55.3933, 0.716928, 0.48767, 8.66866, 0.09941, 0.952502, 84.6072, -0.190529, 0.61523, 129.866, -0.0735646, 0., 1331.78, 0.]
	}]
},
/time : 3.72798,
/prefix : "112512422.0546"