/score : {
	/engine : "reartic",
	/instrument : "cello",
	/samples : ["Vc-art-harm-trem-C#7-mf-1c.aif", "Vc-art-harm-C#7-mf-1c.aif"],
	/suffix : "_cello_reartic.wav",
	/time : 4.32394,
	/events : [{
		/pitch : 1.,
		/buffer : "cello.reartic.1",
		/event/time : 0.05,
		/envelope : [0., 0., 1., 0.522692, 1713.31, 0.388487, 0.522692, 153.457, 1., 0., 2457.17, 0.250449]
	}, {
		/pitch : 1.,
		/buffer : "cello.reartic.1",
		/event/time : 0.403977,
		/envelope : [0., 0., 0., 0.597112, 6.13258, -0.246479, 0.280236, 21.0805, -0.210115, 0.810837, 38.3876, -0.127044, 0.788105, 31.1426, -0.302071, 0.152624, 5.26384, -0.127102, 0.302852, 32.2465, 0.124574, 0.76497, 13.6482, -0.637292, 0.225095, 44.2909, 0.00161663, 0.272174, 14.1989, 0.226554, 0.911396, 34.2043, 0.534807, 0.888675, 20.2887, 0.568258, 0.252336, 0.569499, -0.621514, 0.171236, 5.32338, -0.0539261, 0.760751, 20.7274, 0.590284, 0.979867, 13.1407, 0.584977, 0.75768, 8.16491, -0.373504, 0.95501, 3.31995, -0.108677, 0.81729, 17.3894, 0.278814, 0.702719, 24.2284, -0.512026, 0.899928, 14.4818, -0.0716764, 0.471092, 2.32646, 0.0727358, 0.892024, 648.765, 0.470408, 0.755794, 56.4718, -0.275277, 0.635866, 60.0868, -0.270318, 0.894987, 6.74109, -0.187872, 0.599846, 46.486, 0.00667609, 0.575972, 66.8192, 0.471196, 0.141274, 36.0583, 0.365933, 0.722131, 51.2521, 0.209774, 0.778523, 38.0029, -0.740561, 0.670842, 12.0173, -0.468798, 0.712354, 16.8708, -0.685873, 0.61476, 16.6166, 0.428361, 0.769548, 55.3309, 0.304642, 0.757002, 561.078, 0.59766, 0.429561, 68.3643, 0.592484, 0.756197, 3.15036, -0.467889, 0.532795, 14.3943, 0.056512, 0.316602, 105.197, -0.31021, 0.376381, 94.0884, -0.402633, 0.420589, 15.1466, -0.555956, 0.717602, 60.8095, -0.302248, 0.94081, 663.185, 0.151754, 0.177417, 55.2606, 0.502912, 0.0825827, 55.4615, 0.593429, 0., 1145.73, 0.]
	}, {
		/pitch : 1.,
		/buffer : "cello.reartic.2",
		/event/time : 0.875946,
		/envelope : [0., 0., 1., 0.552312, 1382.97, -0.292042, 0.552312, 139.59, 1., 0., 2801.38, 0.442079]
	}, {
		/pitch : 1.,
		/buffer : "cello.reartic.2",
		/event/time : 2.17386,
		/envelope : [0., 0., 0., 0.362436, 40.9828, 0.19907, 0.962676, 32.3421, -0.220498, 0.375554, 12.3482, -0.149752, 0.309417, 30.228, 0.543273, 0.0245545, 40.8044, -0.641288, 0.823898, 48.0015, 0.318347, 0.521194, 38.7696, -0.411644, 0.280889, 35.2387, -0.691232, 0.275223, 13.3817, 0.632957, 0.602945, 16.3451, -0.0513931, 0.989215, 49.9569, -0.550893, 0.190816, 48.3902, 0.604895, 0.937624, 32.4677, 0.373818, 0.674865, 36.0571, -0.432632, 0.576449, 34.1671, -0.721453, 0.0586458, 28.5702, 0.649462, 0.039253, 29.7501, 0.722596, 0.134203, 15.8234, 0.310524, 0.21192, 42.2104, -0.254022, 0.660637, 427.434, 0.698926, 0.253064, 6.31968, 0.171411, 0.0443045, 76.5685, 0.743387, 0.826617, 70.5639, 0.274065, 0.680157, 105.412, 0.168117, 0.508256, 17.9523, 0.371321, 0.549545, 26.688, 0.00891576, 0.122222, 78.9943, 0.179057, 0.687924, 89.6546, -0.405117, 0.363304, 506.047, 0.444006, 0.591816, 13.9694, -0.088862, 0.749229, 88.2362, 0.742647, 0.653912, 76.2746, -0.596412, 0.0275221, 18.4067, -0.632782, 0.8282, 85.0618, 0.0140916, 0.750979, 26.3775, 0.0997708, 0.087518, 5.41061, -0.707666, 0.761666, 82.8623, -0.362886, 0.507944, 34.8673, -0.105888, 0.808104, 89.2181, 0.727175, 0.824279, 682.023, 0.338539, 0.325203, 11.8206, 0.124246, 0.557749, 249.806, -0.226077, 0.0207741, 39.1138, -0.691579, 0., 789.019, 0.]
	}, {
		/pitch : 1.,
		/buffer : "cello.reartic.2",
		/event/time : 2.99981,
		/envelope : [0., 0., 1., 0.521381, 1927.92, -0.561294, 0.521381, 165.39, 1., 0., 2230.63, 0.495226]
	}, {
		/pitch : 1.,
		/buffer : "cello.reartic.2",
		/event/time : 3.58977,
		/envelope : [0., 0., 1., 0.523118, 1087.48, 0.461367, 0.523118, 167.639, 1., 0., 3068.82, -0.22781]
	}, {
		/pitch : 1.,
		/buffer : "cello.reartic.1",
		/event/time : 3.70776,
		/envelope : [0., 0., 0., 0.307636, 18.8666, 0.207079, 0.0689937, 30.7694, 0.372792, 0.164318, 21.9128, 0.630713, 0.161331, 26.052, -0.569291, 0.855733, 56.838, 0.565941, 0.906312, 26.6846, 0.749614, 0.301703, 66.3975, 0.25709, 0.141074, 60.5539, -0.480407, 0.493439, 53.8247, -0.47028, 0.639921, 20.4957, 0.319926, 0.554616, 31.2343, 0.69993, 0.971351, 38.7369, 0.0670867, 0.167269, 16.9554, -0.315344, 0.836573, 60.4137, 0.187405, 0.527604, 0.346876, 0.34149, 0.868535, 540.82, -0.114664, 0.635059, 60.4972, 0.110739, 0.795304, 7.4014, 0.302003, 0.76869, 7.19659, -0.21874, 0.934229, 0.247792, -0.117116, 0.977576, 19.1787, -0.0938791, 0.119836, 74.8302, 0.672809, 0.902028, 36.5754, 0.346021, 0.665235, 55.5529, -0.0737272, 0.928443, 73.7475, -0.562111, 0.107273, 21.7402, -0.012475, 0.945507, 15.4317, 0.643732, 0.790486, 54.3958, 0.025544, 0.34511, 612.143, -0.700388, 0.0585462, 112.772, 0.624543, 0.194688, 171.407, -0.355495, 0.305294, 186.88, -0.258881, 0.793436, 187.201, -0.138022, 0.339287, 347.025, 0.31606, 0.923871, 27.9588, 0.372837, 0.30893, 282.194, 0.316505, 0., 898.658, 0.]
	}, {
		/pitch : 1.,
		/buffer : "cello.reartic.2",
		/event/time : 4.37394,
		/envelope : [0., 0., 1., 0.645572, 1134.11, 0.526078, 0.645572, 62.1362, 1., 0., 3127.69, -0.0317632]
	}]
},
/time : 6.02933,
/prefix : "112514133.0504"