/score : {
	/engine : "reartic",
	/instrument : "cello",
	/samples : ["Vc-art-harm-trem-C#7-mf-1c.aif", "Vc-art-harm-C#7-mf-1c.aif"],
	/suffix : "_cello_reartic.wav",
	/time : 4.11356,
	/events : [{
		/pitch : 1.0041,
		/buffer : "cello.reartic.1",
		/event/time : 0.05,
		/envelope : [0., 0., 0., 0.143976, 56.1099, 0.2066, 0.891182, 27.4323, 0.352626, 0.290203, 22.0574, 0.0551381, 0.608842, 33.1068, -0.495481, 0.650802, 31.8142, 0.292347, 0.0761159, 43.0078, 0.673792, 0.481824, 52.5612, -0.496492, 0.438777, 37.8773, 0.484275, 0.867689, 47.0494, 0.144864, 0.635225, 0.507576, 0.710414, 0.76092, 35.3754, 0.392166, 0.135258, 28.0871, 0.742731, 0.927484, 5.19158, -0.453007, 0.903435, 7.37821, 0.0461796, 0.581505, 6.57443, 0.538162, 0.981531, 5.62517, 0.172747, 0.0298572, 1.44971, 0.135291, 0.631459, 563.658, 0.0368218, 0.0480542, 16.0513, -0.533592, 0.625531, 50.1716, -0.40668, 0.987781, 55.5531, 0.32241, 0.762751, 32.2573, 0.087357, 0.700563, 55.4474, 0.12263, 0.515129, 40.8718, 0.0446064, 0.0313405, 37.8983, -0.385003, 0.204822, 55.5895, -0.0717447, 0.454861, 26.5476, -0.431294, 0.675184, 24.3447, 0.317784, 0.563377, 18.2406, 0.432202, 0.712506, 12.237, 0.314696, 0.408761, 64.3546, 0.329749, 0.299445, 38.9432, 0.17622, 0.445986, 549.667, -0.61613, 0.525205, 82.9763, 0.599787, 0.552801, 166.585, -0.556001, 0.33847, 64.4657, -0.340237, 0.963129, 176.295, 0.216375, 0.308923, 629.356, 0.054694, 0.684113, 52.7653, 0.067113, 0., 858.081, 0.]
	}, {
		/pitch : 1.0041,
		/buffer : "cello.reartic.1",
		/event/time : 0.93546,
		/envelope : [0., 0., 1., 0.633241, 1159, -0.61157, 0.633241, 159.373, 1., 0., 2795.19, -0.19598]
	}, {
		/pitch : 1.0041,
		/buffer : "cello.reartic.2",
		/event/time : 1.18845,
		/envelope : [0., 0., 0., 0.995849, 30., 0.251081, 0.135627, 4053.56, 0.847345, 0., 30., 0.]
	}, {
		/pitch : 1.0041,
		/buffer : "cello.reartic.1",
		/event/time : 1.56793,
		/envelope : [0., 0., 0., 0.862618, 30., -0.574049, 0.0749288, 4053.56, -0.651023, 0., 30., 0.]
	}, {
		/pitch : 1.0041,
		/buffer : "cello.reartic.1",
		/event/time : 2.57989,
		/envelope : [0., 0., 0., 0.832444, 57.369, -0.229641, 0.14081, 69.2906, -0.609943, 0.861498, 23.774, -0.738407, 0.896418, 24.16, -0.504131, 0.969315, 105.577, -0.264716, 0.555556, 19.3459, 0.534592, 0.703335, 3.29882, 0.269877, 0.988641, 4.44111, -0.530728, 0.598847, 80.5514, -0.445724, 0.58429, 626.158, -0.381498, 0.209352, 60.4983, 0.721912, 0.346039, 20.439, -0.570959, 0.547089, 156.437, -0.360589, 0.136877, 23.1114, 0.711115, 0.218822, 137.438, -0.249077, 0.872284, 769.904, 0.179435, 0.661415, 47.4003, 0.00448611, 0.284931, 38.954, -0.274687, 0.970743, 29.5269, -0.414603, 0.757785, 132.907, 0.0126424, 0.0125655, 756.854, 0.385659, 0.585726, 53.6038, -0.689798, 0., 872.522, 0.]
	}, {
		/pitch : 1.0041,
		/buffer : "cello.reartic.1",
		/event/time : 3.33885,
		/envelope : [0., 0., 0., 0.44479, 18.9255, -0.375572, 0.300047, 56.3921, 0.300438, 0.654933, 67.2379, -0.524288, 0.393676, 2.32542, -0.415893, 0.470193, 15.2664, -0.247666, 0.754314, 14.0394, 0.471796, 0.242383, 24.7671, -0.241175, 0.478544, 35.519, -0.345306, 0.1183, 71.2885, -0.111433, 0.303682, 61.1587, -0.0207798, 0.546015, 15.0597, -0.106297, 0.155623, 12.9069, 0.155534, 0.467896, 65.9553, -0.326311, 0.0273479, 632.838, 0.334821, 0.057014, 99.6963, -0.274838, 0.476694, 8.81883, -0.362384, 0.343562, 14.838, -0.605191, 0.0102819, 8.31435, -0.702959, 0.12554, 63.362, 0.0352538, 0.36455, 5.1936, -0.500427, 0.899834, 94.9901, -0.54853, 0.555429, 67.2043, -0.0456375, 0.62101, 33.227, 0.448389, 0.851351, 688.427, -0.339329, 0.61163, 195.706, 0.352117, 0.41598, 105.856, -0.371713, 0.248069, 9.80491, 0.745399, 0.230557, 16.4022, 0.0897553, 0.00203901, 567.495, -0.262817, 0., 1040.55, 0.]
	}, {
		/pitch : 1.0041,
		/buffer : "cello.reartic.1",
		/event/time : 4.16356,
		/envelope : [0., 0., 0., 0.137066, 30., -0.0623257, 0.932051, 4053.56, 0.0421644, 0., 30., 0.]
	}]
},
/time : 4.59544,
/prefix : "112513051.0379"