/score : {
	/engine : "reartic",
	/instrument : "violin",
	/samples : ["Vn-pont-C#4-mf-4c.aif", "Vn-trem-C#4-mf-4c.aif", "Vn-pizz-lv-C#4-mf-4c.aif", "Vn-nonvib-C#4-mf-4c.aif", "Vn-pont_tasto-C4-mf-4c.aif", "Vn-pizz-lv-C#4-ff-4c.aif", "Vn-trem-C#4-ff-4c.aif"],
	/suffix : "_violin_reartic.wav",
	/time : 3.83134,
	/events : [{
		/pitch : 1.02776,
		/buffer : "violin.reartic.7",
		/event/time : 0.05,
		/envelope : [0., 0., 0., 0.212133, 16.585, -0.66492, 0.291227, 36.2236, 0.0599164, 0.555585, 23.2196, 0.393196, 0.678536, 35.125, -0.204658, 0.672335, 97.2078, -0.715414, 0.229899, 58.1027, 0.383506, 0.672155, 99.792, -0.64809, 0.175936, 43.1514, 0.563092, 0.433671, 47.0936, -0.514374, 0.146815, 61.9185, 0.435871, 0.983129, 515.471, -0.681483, 0.901058, 40.7569, -0.0201034, 0.768578, 16.7252, -0.482218, 0.676356, 51.9499, 0.372164, 0.275961, 76.2889, 0.315461, 0.139662, 20.2215, 0.275519, 0.931245, 24.1834, -0.66222, 0.913429, 112.641, 0.547061, 0.395011, 658.182, 0.654564, 0.876067, 49.4323, -0.407212, 0.803694, 183.889, -0.380702, 0.61877, 149.983, 0.0451145, 0.901826, 188.659, 0.213794, 0.279727, 647.185, -0.477855, 0., 577.357, 0.]
	}, {
		/pitch : 1.02776,
		/buffer : "violin.reartic.1",
		/event/time : 0.181415,
		/envelope : [0., 0., 1., 0.666672, 1190.28, -0.318794, 0.666672, 19.5527, 1., 0., 2621.51, -0.237167]
	}, {
		/pitch : 1.02776,
		/buffer : "violin.reartic.2",
		/event/time : 1.36415,
		/envelope : [0., 0., 0., 0.0342513, 62.1893, -0.332425, 0.754557, 75.7027, -0.576147, 0.861424, 9.80813, 0.502399, 0.697997, 76.0813, -0.266578, 0.410382, 98.0908, -0.530679, 0.159356, 45.9371, -0.456038, 0.56905, 107.773, -0.333904, 0.486518, 9.22749, -0.149012, 0.428195, 566.537, 0.53631, 0.00899025, 7.60735, 0.490696, 0.320176, 25.6514, 0.105023, 0.493483, 21.8454, 0.367139, 0.0669344, 27.3966, 0.717683, 0.834894, 67.4715, 0.346603, 0.0416691, 98.8092, 0.461442, 0.487129, 54.4266, -0.412869, 0.777318, 70.2112, 0.0898117, 0.692395, 55.4502, 0.36045, 0.883555, 591.217, -0.654815, 0.296711, 49.0296, 0.578209, 0.296672, 59.3832, -0.392656, 0.862232, 44.4546, 0.649657, 0.806435, 81.7756, -0.234791, 0.577509, 48.0085, 0.583697, 0.00661319, 110.256, 0.122062, 0.973908, 770.411, -0.702609, 0.58433, 73.8661, 0.540294, 0., 522.725, 0.]
	}, {
		/pitch : 1.02776,
		/buffer : "violin.reartic.6",
		/event/time : 2.41547,
		/envelope : [0., 0., 1., 0.62776, 775.437, -0.171318, 0.62776, 622.724, 1., 0., 2433.18, 0.598013]
	}, {
		/pitch : 1.08887,
		/buffer : "violin.reartic.5",
		/event/time : 3.33538,
		/envelope : [0., 0., 0., 0.646986, 76.1381, 0.191563, 0.48593, 33.8992, -0.587687, 0.116224, 5.71077, 0.426835, 0.403567, 52.6926, -0.236553, 0.145464, 16.1734, -0.0295028, 0.355201, 33.6459, -0.236274, 0.538397, 7.61387, 0.458958, 0.732124, 21.8649, -0.717257, 0.189791, 41.2502, 0.0924373, 0.541361, 72.1663, -0.00288941, 0.0566845, 5.74273, 0.185524, 0.591963, 76.1162, -0.0567914, 0.525639, 44.803, 0.401287, 0.701255, 579.562, -0.631429, 0.981298, 12.015, 0.598076, 0.901976, 42.1157, -0.233303, 0.6483, 47.4912, 0.512601, 0.857137, 66.6014, 0.253942, 0.770809, 57.6628, 0.170223, 0.183819, 38.3217, 0.158614, 0.586355, 88.0336, 0.07109, 0.799009, 612.019, 0.747511, 0.888549, 93.6375, -0.703601, 0.802944, 160.676, -0.103789, 0.391002, 160.016, 0.145623, 0.591308, 76.353, 0.538366, 0.874217, 136.455, -0.372133, 0.450336, 518.985, 0.311944, 0.912014, 35.8569, -0.423713, 0., 617.725, 0.]
	}, {
		/pitch : 1.02776,
		/buffer : "violin.reartic.3",
		/event/time : 3.72962,
		/envelope : [0., 0., 1., 0.617986, 1467.64, 0.675145, 0.617986, 123.836, 1., 0., 2239.87, -0.632829]
	}, {
		/pitch : 1.02776,
		/buffer : "violin.reartic.4",
		/event/time : 3.88134,
		/envelope : [0., 0., 0., 0.128066, 30., -0.583969, 0.937281, 3771.34, 0.622575, 0., 30., 0.]
	}]
},
/time : 4.59544,
/prefix : "112513058.0473"