/score : {
	/engine : "reartic",
	/instrument : "oboe",
	/samples : ["Ob-sfz-D6-f.aif", "Ob-lip-gl-dsc-mod-D6-mf.aif", "Ob-decresc-D6-ffpp.aif", "Ob-lip-gl-dsc-slow-D6-mf.aif"],
	/suffix : "_oboe_reartic.wav",
	/time : 3.27123,
	/events : [{
		/pitch : 1.05946,
		/buffer : "oboe.reartic.3",
		/event/time : 0.05,
		/envelope : [0., 0., 1., 0.660799, 1268.67, 0.0586527, 0.660799, 524.88, 1., 0., 1477.68, 0.590532]
	}, {
		/pitch : 1.05946,
		/buffer : "oboe.reartic.4",
		/event/time : 0.815614,
		/envelope : [0., 0., 0., 0.797211, 30., -0.328118, 0.146905, 3211.23, 0.0340449, 0., 30., 0.]
	}, {
		/pitch : 1.05946,
		/buffer : "oboe.reartic.3",
		/event/time : 1.07082,
		/envelope : [0., 0., 0., 0.894142, 11.8109, -0.531525, 0.0477487, 74.5501, -0.379339, 0.651171, 8.7363, -0.0859089, 0.0955356, 6.04857, 0.465914, 0.731317, 99.1529, 0.0273945, 0.649898, 95.8802, 0.603312, 0.432823, 73.0977, -0.0716867, 0.118722, 85.3164, 0.230031, 0.328934, 62.9728, 0.706292, 0.706785, 21.4283, -0.103156, 0.36317, 620.41, -0.559631, 0.0722161, 181.839, 0.141257, 0.391752, 110.086, -0.210642, 0.6136, 92.562, 0.513419, 0.0769805, 199.329, -0.0855187, 0.0380044, 272.129, 0.33916, 0.154358, 327.821, -0.27994, 0.790515, 97.2437, -0.213334, 0., 830.815, 0.]
	}, {
		/pitch : 1.05946,
		/buffer : "oboe.reartic.2",
		/event/time : 2.47445,
		/envelope : [0., 0., 0., 0.0313216, 39.5304, -0.673203, 0.533023, 9.23369, 0.591378, 0.964921, 65.5327, -0.366957, 0.255513, 22.7711, 0.516581, 0.336343, 31.9122, -0.532082, 0.602971, 8.04975, 0.117346, 0.256964, 9.50117, -0.622201, 0.637508, 8.40654, 0.039624, 0.655848, 58.8894, -0.454175, 0.540178, 45.6331, 0.629521, 0.0726402, 20.9636, 0.118356, 0.0780212, 17.9295, -0.24435, 0.827595, 58.0853, 0.21994, 0.775865, 26.8852, 0.530216, 0.141059, 17.5096, -0.63191, 0.921851, 613.462, -0.152192, 0.306359, 30.4967, 0.381641, 0.204523, 19.6015, -0.674039, 0.225876, 94.0141, 0.682761, 0.46872, 50.8704, 0.0679493, 0.266247, 24.5978, -0.413736, 0.530435, 68.338, -0.685067, 0.860841, 94.2211, 0.422784, 0.249951, 758.855, 0.0830036, 0.13899, 190.755, 0.691666, 0.255442, 109.608, -0.454393, 0.561621, 134.162, 0.599257, 0., 641.415, 0.]
	}, {
		/pitch : 1.05946,
		/buffer : "oboe.reartic.1",
		/event/time : 3.32123,
		/envelope : [0., 0., 1., 0.850107, 1709.45, 0.189506, 0.850107, 450.044, 1., 0., 1111.73, -0.633637]
	}]
},
/time : 3.72798,
/prefix : "112512415.0465"