/score : {
	/engine : "reartic",
	/instrument : "viola",
	/samples : ["Va-art-harm-F#6-mf-3c.aif", "Va-tasto-E6-mf-1c.aif", "Va-crush_ord-F6-mf-1c.aif", "Va-art-harm-trem-F#6-mf-2c.aif", "Va-pont_ord-F#6-mf-1c.aif", "Va-pizz-lv-F#6-pp-1c.aif", "Va-tasto_ord-G6-mf-1c.aif", "Va-sfz-F#6-fp-1c.aif"],
	/suffix : "_viola_reartic.wav",
	/time : 4.09884,
	/events : [{
		/pitch : 1.,
		/buffer : "viola.reartic.6",
		/event/time : 0.05,
		/envelope : [0., 0., 0., 0.612754, 27.8363, 0.572163, 0.998885, 53.3156, -0.239264, 0.581817, 19.5813, 0.658131, 0.879461, 12.1491, -0.353145, 0.320472, 8.58148, -0.168906, 0.727368, 41.6326, -0.636574, 0.287252, 10.0877, 0.50109, 0.829765, 14.7728, -0.645078, 0.600838, 10.2101, -0.615333, 0.353, 0.116653, -0.0311546, 0.789711, 53.0902, 0.198247, 0.0510364, 18.6154, 0.225568, 0.33978, 20.827, -0.509299, 0.54812, 46.5279, -0.606923, 0.0412228, 41.0277, -0.706663, 0.173126, 40.156, -0.658971, 0.780402, 23.9834, 0.505577, 0.966901, 607.116, 0.437341, 0.217343, 61.1763, -0.559092, 0.853115, 116.635, 0.380596, 0.259765, 56.8566, -0.333003, 0.413498, 108.422, 0.261078, 0.513222, 111.778, -0.0644886, 0.03483, 81.3557, 0.678282, 0.723196, 526.57, -0.209773, 0.090513, 90.7403, 0.0104359, 0.0839031, 3.05159, 0.68126, 0.243099, 157.975, 0.227905, 0.799215, 90.3702, 0.111619, 0.777934, 105.054, 0.466673, 0.512044, 662.966, -0.29465, 0.0957243, 86.5269, 0.211722, 0.255758, 217.925, -0.477431, 0., 571.811, 0.]
	}, {
		/pitch : 1.12246,
		/buffer : "viola.reartic.2",
		/event/time : 0.517638,
		/envelope : [0., 0., 0., 0.975833, 19.7172, 0.462483, 0.744859, 12.1255, -0.177416, 0.237315, 20.1058, 0.455216, 0.87583, 44.9134, 0.227934, 0.869996, 11.006, 0.682164, 0.216973, 53.8344, 0.318743, 0.432249, 28.2399, 0.44179, 0.176771, 53.4827, 0.101939, 0.0420951, 11.1604, -0.390647, 0.694153, 4.7107, 0.0595842, 0.257255, 6.62881, -0.278012, 0.786452, 52.0673, -0.0529926, 0.584921, 5.15081, -0.672351, 0.732816, 53.5128, 0.0209573, 0.316641, 7.62858, -0.206638, 0.187982, 5.70608, -0.733059, 0.170744, 698.672, 0.635225, 0.409421, 4.24224, -0.355705, 0.804233, 46.395, 0.229529, 0.186905, 114.243, 0.0184608, 0.0927583, 87.6662, -0.708712, 0.34438, 6.79896, -0.273713, 0.273067, 117.369, -0.731543, 0.167093, 98.0633, 0.599255, 0.893327, 466.079, -0.383293, 0.492378, 70.4384, 0.0526632, 0.990307, 12.3332, -0.225253, 0.893122, 5.78772, 0.612468, 0.743956, 49.5282, -0.306594, 0.0735165, 54.7334, 0.279935, 0.570672, 63.0959, -0.424754, 0.437329, 106.529, -0.677012, 0.979608, 882.862, -0.344258, 0., 824.014, 0.]
	}, {
		/pitch : 1.,
		/buffer : "viola.reartic.8",
		/event/time : 0.751457,
		/envelope : [0., 0., 0., 0.263271, 4.9774, 0.279584, 0.984106, 12.116, 0.459288, 0.917102, 29.6907, -0.453589, 0.405441, 13.9587, -0.0569, 0.530088, 31.5863, -0.464772, 0.0234084, 57.9334, 0.466301, 0.76383, 46.901, -0.385931, 0.953926, 73.9541, 0.481213, 0.639967, 74.7427, 0.473237, 0.727573, 55.9805, 0.105685, 0.837003, 50.7313, 0.557689, 0.951886, 65.2187, 0.269718, 0.83393, 58.072, 0.611804, 0.548003, 425.638, -0.698403, 0.368424, 29.0031, 0.473309, 0.188846, 58.936, 0.336606, 0.916541, 11.1909, -0.402741, 0.478182, 43.6468, 0.431743, 0.474518, 119.667, 0.00719046, 0.297203, 78.1286, 0.384573, 0.835355, 27.3746, 0.187613, 0.995085, 727.934, 0.357652, 0.298804, 95.3434, -0.344101, 0.244779, 28.1002, 0.330845, 0.724971, 214.887, -0.571033, 0.149371, 849.113, -0.0127092, 0., 814.015, 0.]
	}, {
		/pitch : 1.,
		/buffer : "viola.reartic.1",
		/event/time : 1.10219,
		/envelope : [0., 0., 0., 0.784156, 30., -0.164371, 0.0503839, 4038.84, 0.12393, 0., 30., 0.]
	}, {
		/pitch : 1.,
		/buffer : "viola.reartic.5",
		/event/time : 2.27128,
		/envelope : [0., 0., 0., 0.127607, 30., 0.160005, 0.974757, 4038.84, 0.770009, 0., 30., 0.]
	}, {
		/pitch : 1.05946,
		/buffer : "viola.reartic.3",
		/event/time : 2.38819,
		/envelope : [0., 0., 0., 0.0687129, 30., 0.40898, 0.882634, 4038.84, 0.815845, 0., 30., 0.]
	}, {
		/pitch : 0.943874,
		/buffer : "viola.reartic.7",
		/event/time : 3.55728,
		/envelope : [0., 0., 0., 0.766405, 30., -0.489957, 0.0615147, 4038.84, 0.607371, 0., 30., 0.]
	}, {
		/pitch : 1.,
		/buffer : "viola.reartic.4",
		/event/time : 4.14884,
		/envelope : [0., 0., 0., 0.908186, 9.80265, 0.264111, 0.79852, 29.6431, -0.0242634, 0.167018, 35.9621, -0.345863, 0.205057, 18.4693, 0.451521, 0.176183, 40.3588, -0.311239, 0.136017, 77.6521, -0.254658, 0.228636, 65.8605, 0.711012, 0.227074, 12.126, 0.49561, 0.176672, 98.9102, -0.345054, 0.745808, 31.2807, 0.410389, 0.956784, 601.78, 0.632933, 0.499028, 38.5789, -0.39583, 0.789056, 29.2399, -0.0126925, 0.619217, 29.5959, -0.0963987, 0.968936, 60.2713, 0.463324, 0.102737, 65.3494, 0.01194, 0.282403, 26.582, 0.453896, 0.646763, 45.934, -0.710715, 0.378692, 59.299, -0.538957, 0.594849, 11.9183, 0.511591, 0.0842018, 53.1911, 0.723525, 0.247827, 52.8151, 0.0478209, 0.511228, 60.5167, -0.3057, 0.95494, 1.67397, -0.648498, 0.485499, 461.165, -0.271134, 0.106584, 22.2503, -0.255641, 0.454925, 102.862, -0.514547, 0.949199, 32.4812, 0.35219, 0.046027, 121.079, 0.000797244, 0.117271, 92.7325, -0.690625, 0.167225, 11.31, 0.466933, 0.317343, 1027.93, -0.546993, 0., 670.221, 0.]
	}]
},
/time : 5.48454,
/prefix : "112514447.0932"