/score : {
	/engine : "reartic",
	/instrument : "violin",
	/samples : ["Vn-nonvib-G#5-pp-2c.aif.asd", "Vn-ord_tasto-G5-mf-1c.aif", "Vn-cresc-G5-ppff-2c.aif", "Vn-ord-G#5-pp-3c.aif", "Vn-nonvib-G#5-mf-2c.aif", "Vn-nonvib-G#5-mf-3c.aif", "Vn-tasto-G#5-mf-2c.aif", "Vn-trem-G#5-pp-1c.aif"],
	/suffix : "_violin_reartic.wav",
	/time : 4.31707,
	/events : [{
		/pitch : 0.997044,
		/buffer : "violin.reartic.4",
		/event/time : 0.05,
		/envelope : [0., 0., 1., 0.754232, 1799.62, -0.443088, 0.754232, 782.724, 1., 0., 1734.73, 0.479479]
	}, {
		/pitch : 0.997044,
		/buffer : "violin.reartic.7",
		/event/time : 1.38775,
		/envelope : [0., 0., 0., 0.350084, 94.2252, 0.64862, 0.181549, 46.1111, -0.501314, 0.583612, 38.9434, 0.448169, 0.223902, 70.8579, -0.0103505, 0.748684, 65.165, -0.303522, 0.301759, 7.27472, 0.586749, 0.787074, 100.917, 0.617999, 0.0199585, 5.38974, 0.335109, 0.457758, 64.9539, 0.530237, 0.994094, 581.343, -0.72869, 0.338598, 13.3586, -0.648193, 0.327931, 54.4143, -0.69544, 0.233068, 5.63309, -0.101672, 0.613344, 22.7717, -0.732913, 0.134803, 28.799, 0.035485, 0.457063, 77.8946, 0.549871, 0.11004, 57.3106, 0.0165006, 0.602627, 27.7279, 0.676955, 0.248411, 53.7906, 0.623274, 0.110412, 44.1295, -0.393741, 0.022662, 562.924, 0.353028, 0.91061, 86.831, -0.717366, 0.807016, 28.7051, -0.160443, 0.549084, 6.9336, 0.24672, 0.924445, 41.6805, -0.484833, 0.878213, 59.5782, -0.346267, 0.566689, 13.039, -0.565984, 0.351914, 36.1675, 0.231015, 0.459308, 89.6332, -0.638972, 0.688502, 23.6011, -0.529583, 0.673167, 971.345, -0.617001, 0.191149, 350.871, -0.659227, 0., 584.753, 0.]
	}, {
		/pitch : 1.05633,
		/buffer : "violin.reartic.2",
		/event/time : 1.63097,
		/envelope : [0., 0., 0., 0.724966, 16.2805, -0.442627, 0.855886, 57.7336, -0.149468, 0.99653, 15.5467, -0.23578, 0.944677, 20.8376, 0.414337, 0.533308, 26.3018, 0.669952, 0.421863, 71.402, -0.102706, 0.659732, 48.6472, 0.412554, 0.194858, 55.5378, -0.149754, 0.902792, 5.65737, -0.594957, 0.812385, 32.5702, -0.457326, 0.725891, 706.715, 0.722688, 0.136753, 64.976, 0.147078, 0.611005, 4.48642, 0.5107, 0.308288, 40.7463, 0.710554, 0.0169261, 0.0774546, 0.502413, 0.597996, 18.4727, 0.633926, 0.706509, 55.1884, -0.272124, 0.180959, 14.4791, 0.581099, 0.509126, 54.4425, 0.576452, 0.880469, 24.154, 0.470491, 0.633398, 45.7921, -0.605125, 0.420563, 38.9366, 0.0805918, 0.19826, 35.7006, -0.433175, 0.37642, 4.68712, 0.190344, 0.209326, 576.644, -0.114651, 0.504893, 65.2607, 0.103464, 0.447434, 47.5549, -0.430493, 0.480804, 16.5886, 0.208967, 0.41015, 5.46824, -0.0141342, 0.976738, 79.8164, 0.044541, 0.489739, 66.4244, -0.418461, 0.203353, 54.4384, 0.726059, 0.739102, 41.6657, -0.639064, 0.833073, 68.465, -0.573788, 0.674326, 657.249, -0.238665, 0.344163, 13.97, 0.499329, 0.936986, 107.798, -0.376804, 0.622729, 83.627, 0.265994, 0.144448, 77.6624, -0.337193, 0.182791, 106.653, -0.419187, 0., 788.419, 0.]
	}, {
		/pitch : 0.997044,
		/buffer : "violin.reartic.5",
		/event/time : 2.7255,
		/envelope : [0., 0., 0., 0.892575, 6.62825, 0.464456, 0.0979226, 4.40851, 0.212595, 0.725196, 12.3425, -0.230483, 0.31983, 20.4492, -0.367503, 0.0895167, 7.17518, 0.349432, 0.686041, 46.8249, -0.0331126, 0.302458, 38.9227, -0.59042, 0.678696, 46.2805, -0.0765231, 0.777346, 0.846067, 0.592203, 0.0832387, 22.885, -0.357077, 0.81262, 21.2912, 0.342249, 0.544983, 6.92453, -0.345443, 0.249257, 44.3309, -0.174285, 0.964412, 11.7825, 0.711953, 0.285343, 5.32705, -0.730396, 0.823171, 38.2139, -0.702733, 0.646043, 26.7282, -0.190268, 0.284712, 4.8817, 0.426899, 0.670363, 44.9873, 0.167648, 0.838438, 44.2644, 0.696087, 0.209448, 37.5516, 0.439084, 0.650758, 568.728, -0.622759, 0.266822, 32.8639, -0.158294, 0.929201, 32.3898, 0.37041, 0.944721, 37.5696, -0.49461, 0.718404, 105.258, 0.53132, 0.0690045, 2.0076, 0.0842979, 0.526665, 103.306, 0.103894, 0.119293, 104.324, 0.67717, 0.912172, 616.109, -0.0511316, 0.395217, 164.109, 0.431134, 0.0468235, 61.3467, -0.286206, 0.97029, 186.373, 0.0679907, 0.746082, 184.49, 0.319775, 0.431311, 363.042, 0.223751, 0.758134, 19.332, 0.00300059, 0.0386616, 43.0905, -0.230183, 0.759465, 194.033, -0.300417, 0., 1005.66, 0.]
	}, {
		/pitch : 0.997044,
		/buffer : "violin.reartic.6",
		/event/time : 3.33356,
		/envelope : [0., 0., 0., 0.110638, 30., -0.2116, 0.924776, 4257.07, -0.0459804, 0., 30., 0.]
	}, {
		/pitch : 0.997044,
		/buffer : "violin.reartic.1",
		/event/time : 3.6984,
		/envelope : [0., 0., 0., 0.179791, 38.1684, 0.547547, 0.122598, 55.6224, -0.453617, 0.374704, 48.0019, -0.373758, 0.203902, 83.1082, 0.104436, 0.690384, 12.1779, -0.745762, 0.343786, 19.5884, 0.289242, 0.231869, 71.6252, -0.344038, 0.822531, 42.186, -0.713044, 0.921809, 31.046, 0.485758, 0.901997, 65.2131, -0.115998, 0.731825, 39.6116, 0.537713, 0.485019, 16.5015, 0.0298591, 0.291941, 503.679, -0.600414, 0.612833, 45.6216, -0.726125, 0.940193, 27.0245, -0.256836, 0.863304, 40.9833, -0.518585, 0.600152, 39.406, -0.351537, 0.848356, 10.3698, -0.685329, 0.42462, 59.5, -0.189793, 0.986511, 79.6151, -0.420339, 0.640078, 49.1791, 0.00183252, 0.84924, 41.0689, -0.501517, 0.295108, 35.7122, -0.191986, 0.836137, 46.3006, 0.651955, 0.573416, 545.281, -0.675242, 0.635946, 2.05204, -0.404589, 0.38588, 75.5578, -0.594247, 0.566138, 68.8451, -0.258186, 0.44794, 36.5874, -0.458302, 0.680538, 46.7574, -0.195386, 0.98347, 8.55785, 0.00267158, 0.0462053, 80.4461, 0.526254, 0.169875, 94.22, 0.48042, 0.0860244, 97.1266, 0.0218543, 0.562176, 687.465, -0.181757, 0.770055, 201.193, 0.673421, 0.920874, 254.301, -0.270472, 0., 617.371, 0.]
	}, {
		/pitch : 0.997044,
		/buffer : "violin.reartic.8",
		/event/time : 4.18486,
		/envelope : [0., 0., 1., 0.960043, 1586.25, 0.22715, 0.960043, 249.068, 1., 0., 2481.75, -0.66795]
	}, {
		/pitch : 1.05633,
		/buffer : "violin.reartic.3",
		/event/time : 4.36707,
		/envelope : [0., 0., 0., 0.988513, 30., 0.313165, 0.0601618, 4257.07, 0.122621, 0., 30., 0.]
	}]
},
/time : 4.96961,
/prefix : "112513743.1295"