/score : {
	/engine : "reartic",
	/instrument : "viola",
	/samples : ["Va-art-harm-D#6-mf-2c.aif", "Va-cre_dec-F6-ppmfpp-1c.aif", "Va-trem-D#6-ff-1c.aif", "Va-ord-D#6-mf-1c.aif", "Va-pizz-lv-D#6-mf-1c.aif"],
	/suffix : "_viola_reartic.wav",
	/time : 4.40153,
	/events : [{
		/pitch : 1.,
		/buffer : "viola.reartic.1",
		/event/time : 0.05,
		/envelope : [0., 0., 1., 0.67014, 2306.03, -0.577701, 0.67014, 765.386, 1., 0., 1330.12, -0.134711]
	}, {
		/pitch : 0.890899,
		/buffer : "viola.reartic.2",
		/event/time : 1.0153,
		/envelope : [0., 0., 0., 0.147962, 42.3027, 0.352372, 0.0365606, 44.9876, 0.0930907, 0.863844, 15.8255, 0.749162, 0.482249, 17.2259, -0.58891, 0.860808, 16.9601, -0.188041, 0.0272827, 31.6026, -0.370093, 0.812557, 9.27834, 0.456369, 0.257987, 16.2307, -0.149139, 0.227033, 0.266845, 0.078354, 0.679626, 11.3471, 0.378882, 0.856107, 39.6562, -0.423168, 0.629367, 58.7858, -0.606634, 0.175273, 34.7584, 0.220577, 0.309403, 42.5075, -0.0268841, 0.273231, 57.274, -0.505914, 0.342161, 53.8092, 0.674386, 0.837348, 615.754, -0.379342, 0.202886, 53.2359, -0.404496, 0.626258, 94.91, 0.13705, 0.290073, 47.9545, 0.512632, 0.793777, 107.698, 0.00071113, 0.139645, 77.8058, -0.195129, 0.0860047, 139.267, 0.249511, 0.318316, 459.952, 0.245214, 0.213843, 28.8737, 0.291203, 0.21352, 162.541, 0.359825, 0.716452, 62.8011, -0.118298, 0.608843, 155.909, 0.331269, 0.165392, 93.6664, 0.0287971, 0.503136, 607.212, 0.253093, 0.302821, 241.237, -0.434648, 0.0854177, 13.7547, 0.0950368, 0.494308, 88.9016, -0.374281, 0., 857.239, 0.]
	}, {
		/pitch : 1.,
		/buffer : "viola.reartic.5",
		/event/time : 1.61861,
		/envelope : [0., 0., 0., 0.0874263, 49.7419, -0.027229, 0.371155, 19.8457, 0.382273, 0.608463, 77.2173, -0.331937, 0.167507, 63.5963, -0.663581, 0.169004, 94.3296, -0.309776, 0.117971, 4.67498, 0.298287, 0.985538, 106.937, -0.417695, 0.522589, 14.5267, -0.616276, 0.513288, 43.347, 0.174601, 0.778491, 539.187, 0.164669, 0.981848, 14.6918, 0.334094, 0.0595852, 26.3188, 0.184914, 0.274058, 22.4355, 0.713577, 0.745791, 56.5663, -0.460475, 0.578186, 66.277, -0.151942, 0.691306, 45.2885, -0.528618, 0.771453, 45.8146, -0.33162, 0.0681818, 26.6061, -0.601395, 0.953942, 32.6447, 0.0959719, 0.71022, 36.9707, -0.543343, 0.715241, 24.2549, 0.558993, 0.526618, 614.073, -0.30125, 0.817098, 98.7686, -0.0345201, 0.331647, 47.1432, -0.738104, 0.471065, 141.504, -0.152933, 0.360954, 50.3139, -0.10036, 0.834171, 135.857, -0.700547, 0.49967, 58.8934, -0.690643, 0.966429, 629.177, -0.227983, 0.743579, 223.768, -0.158939, 0.682091, 317.938, 0.129327, 0., 672.823, 0.]
	}, {
		/pitch : 1.,
		/buffer : "viola.reartic.3",
		/event/time : 2.34258,
		/envelope : [0., 0., 1., 0.915504, 3232.85, -0.268111, 0.915504, 42.6029, 1., 0., 1126.08, -0.0457143]
	}, {
		/pitch : 1.,
		/buffer : "viola.reartic.4",
		/event/time : 2.46324,
		/envelope : [0., 0., 1., 0.682286, 1480.9, -0.511795, 0.682286, 137.76, 1., 0., 2782.87, 0.277865]
	}, {
		/pitch : 1.,
		/buffer : "viola.reartic.5",
		/event/time : 3.5492,
		/envelope : [0., 0., 0., 0.873843, 30., 0.332316, 0.0971658, 4341.53, 0.104841, 0., 30., 0.]
	}, {
		/pitch : 1.,
		/buffer : "viola.reartic.5",
		/event/time : 4.45153,
		/envelope : [0., 0., 1., 0.949447, 3266.54, -0.245489, 0.949447, 640.355, 1., 0., 494.632, 0.571729]
	}]
},
/time : 5.03655,
/prefix : "112512634.0348"