/score : {
	/engine : "reartic",
	/instrument : "oboe",
	/samples : ["Ob-cresc-A4-ppff.aif", "Ob-sfz-F#4-f.aif", "Ob-flatt-G4-mf.aif", "Ob-lip-gl-asc-fst-F4-mf.aif", "Ob-lip-gl-asc-mod-F4-mf.aif", "Ob-lip-gl-dsc-mod-F4-mf.aif"],
	/suffix : "_oboe_reartic.wav",
	/time : 5.87639,
	/events : [{
		/pitch : 1.12246,
		/buffer : "oboe.reartic.5",
		/event/time : 0.05,
		/envelope : [0., 0., 0., 0.0536701, 30., -0.352651, 0.906939, 5816.39, 0.570569, 0., 30., 0.]
	}, {
		/pitch : 1.05946,
		/buffer : "oboe.reartic.2",
		/event/time : 0.447694,
		/envelope : [0., 0., 0., 0.494143, 69.4794, -0.586838, 0.0934209, 0.283055, -0.33069, 0.74138, 74.9925, -0.612636, 0.10659, 45.8038, 0.0985067, 0.648627, 37.4906, 0.0354691, 0.156937, 28.5456, 0.375263, 0.639575, 67.2705, 0.499476, 0.439837, 40.8618, 0.0358397, 0.147388, 0.221034, 0.157163, 0.153936, 31.4645, -0.569045, 0.625496, 38.3002, -0.19728, 0.0326412, 23.9439, 0.507312, 0.134864, 564.254, 0.428198, 0.901155, 34.97, 0.0368139, 0.40744, 13.6877, 0.532496, 0.271736, 38.135, 0.144474, 0.858428, 17.8858, 0.13014, 0.750662, 4.87408, 0.490127, 0.235574, 16.2826, 0.305271, 0.993502, 28.6398, 0.279648, 0.592266, 12.7589, 0.153813, 0.684968, 32.2136, -0.274181, 0.291787, 3.62631, -0.048606, 0.461508, 16.003, 0.437635, 0.798803, 5.4863, -0.0793621, 0.832995, 24.7536, 0.665693, 0.622003, 24.5915, 0.536788, 0.406351, 21.7332, -0.0903253, 0.240178, 13.203, -0.525701, 0.136146, 5.19667, -0.638559, 0.954143, 30.7741, 0.697158, 0.0596077, 3.93015, -0.166047, 0.24238, 25.6029, -0.226936, 0.592375, 42.0047, -0.67172, 0.72331, 14.2881, -0.326588, 0.866456, 564.438, -0.319319, 0.380034, 44.4305, 0.315737, 0.915435, 27.8651, 0.0517137, 0.624882, 71.2412, 0.516305, 0.728138, 28.0683, 0.619144, 0.432255, 15.5106, -0.743687, 0.0868225, 44.2422, 0.00172511, 0.286822, 37.8954, -0.148111, 0.00503557, 15.4497, -0.203187, 0.669297, 21.69, 0.52168, 0.878602, 31.0972, -0.397947, 0.694388, 20.4031, 0.462233, 0.951927, 57.5057, 0.556281, 0.49422, 41.4989, -0.288041, 0.643339, 544.075, 0.0929381, 0.396727, 78.767, -0.395393, 0.571511, 58.7491, -0.667248, 0.410444, 81.5042, 0.0272764, 0.598026, 81.3351, 0.0951879, 0.178647, 80.8328, 0.0336319, 0.184165, 16.1151, -0.407328, 0.75341, 77.7975, -0.403139, 0.355248, 38.3233, -0.462705, 0.791746, 44.5509, 0.275902, 0.452643, 20.4781, 0.747547, 0.512505, 82.9498, -0.018407, 0.429966, 440.79, 0.267084, 0.220558, 52.0772, 0.331119, 0.221643, 249.079, -0.421284, 0.144174, 178.183, -0.53116, 0.0754146, 849.609, -0.454399, 0., 426.288, 0.]
	}, {
		/pitch : 1.12246,
		/buffer : "oboe.reartic.5",
		/event/time : 1.37565,
		/envelope : [0., 0., 0., 0.958775, 30., 0.54244, 0.132164, 5816.39, -0.446732, 0., 30., 0.]
	}, {
		/pitch : 0.890899,
		/buffer : "oboe.reartic.1",
		/event/time : 2.43616,
		/envelope : [0., 0., 1., 0.509372, 3721.82, 0.467699, 0.509372, 893.028, 1., 0., 1261.55, -0.596106]
	}, {
		/pitch : 1.,
		/buffer : "oboe.reartic.3",
		/event/time : 3.36412,
		/envelope : [0., 0., 0., 0.943021, 30., 0.202851, 0.0917211, 5816.39, -0.786265, 0., 30., 0.]
	}, {
		/pitch : 1.12246,
		/buffer : "oboe.reartic.6",
		/event/time : 3.62925,
		/envelope : [0., 0., 0., 0.971416, 30., 0.257886, 0.0922375, 5816.39, -0.73587, 0., 30., 0.]
	}, {
		/pitch : 1.12246,
		/buffer : "oboe.reartic.4",
		/event/time : 5.08746,
		/envelope : [0., 0., 0., 0.977502, 34.9938, 0.0463429, 0.414315, 29.4958, 0.337679, 0.987241, 25.4697, 0.228471, 0.502875, 26.6559, 0.490373, 0.0992223, 21.6758, -0.369942, 0.352624, 34.0114, 0.266307, 0.7152, 11.2691, 0.224922, 0.862034, 35.0322, 0.326018, 0.266558, 22.4669, -0.739433, 0.505401, 21.6362, -0.628082, 0.415868, 3.01623, -0.545547, 0.666067, 15.621, -0.562164, 0.06149, 17.7387, 0.311003, 0.173966, 22.2616, 0.5693, 0.345798, 8.72123, 0.219777, 0.646811, 29.4394, 0.0340591, 0.703379, 35.7991, -0.677216, 0.681348, 21.69, 0.3225, 0.408691, 21.4783, -0.17591, 0.31169, 25.3533, 0.603244, 0.0643377, 21.3354, 0.571377, 0.698558, 3.53744, -0.157134, 0.856843, 29.9364, 0.175104, 0.732246, 19.6152, -0.0188168, 0.450423, 31.6267, 0.255587, 0.453034, 28.0023, 0.123634, 0.307216, 446.552, -0.172709, 0.450365, 43.1769, 0.564115, 0.961388, 10.6098, 0.645218, 0.143329, 24.3388, -0.0105978, 0.354295, 39.071, -0.379867, 0.668085, 0.332235, -0.0698056, 0.321286, 61.3545, 0.313347, 0.968363, 35.2576, -0.127836, 0.938773, 31.5575, 0.201334, 0.680387, 10.9998, -0.460681, 0.953369, 32.7341, -0.205237, 0.668759, 65.0381, 0.10319, 0.725222, 70.0703, -0.100201, 0.624041, 10.7567, 0.660093, 0.741196, 542.361, -0.547224, 0.0929274, 24.655, 0.499891, 0.346612, 4.33726, 0.352052, 0.145302, 19.6799, 0.182781, 0.126781, 57.29, -0.472585, 0.671745, 65.6515, 0.36658, 0.180188, 38.1397, 0.687376, 0.444297, 58.0817, -0.367911, 0.258947, 73.7523, 0.235837, 0.691154, 29.4984, -0.704841, 0.549733, 77.229, 0.324888, 0.878528, 5.41568, 0.622113, 0.786569, 602.894, -0.117995, 0.615598, 30.7036, 0.518898, 0.655203, 48.9325, 0.311586, 0.677976, 8.52836, -0.277009, 0.608529, 58.8733, 0.33287, 0.431843, 68.2431, 0.356283, 0.193104, 93.5906, 0.0795787, 0.619384, 118.131, 0.314893, 0.767462, 631.94, 0.157824, 0.160919, 53.7496, 0.0309963, 0.798304, 84.0937, -0.527229, 0.759882, 100.085, 0.488288, 0.79967, 21.8121, -0.361059, 0.0818889, 16.4266, -0.279859, 0.965323, 139.167, 0.568993, 0., 1323.4, 0.]
	}, {
		/pitch : 1.12246,
		/buffer : "oboe.reartic.5",
		/event/time : 5.35259,
		/envelope : [0., 0., 0., 0.736423, 31.74, -0.513201, 0.366624, 46.3772, -0.18987, 0.309298, 5.6965, 0.41117, 0.352038, 50.5579, 0.417794, 0.75409, 42.9482, 0.51053, 0.50298, 51.9202, -0.218404, 0.486038, 23.3649, 0.3112, 0.0836933, 5.9667, -0.7228, 0.51635, 25.0153, 0.451159, 0.692367, 11.2737, -0.208009, 0.782971, 41.942, -0.151825, 0.615167, 28.3959, 0.325662, 0.369777, 20.4403, 0.27265, 0.310305, 1.90666, -0.524954, 0.883668, 27.1485, 0.704241, 0.198099, 13.3939, 0.330052, 0.986456, 27.7451, 0.680765, 0.98753, 15.5046, -0.556336, 0.24227, 14.8907, -0.564943, 0.430664, 522.075, -0.284949, 0.094274, 31.3349, 0.37329, 0.901772, 73.9073, 0.0473819, 0.84155, 88.7604, -0.103156, 0.360532, 89.2985, 0.264274, 0.631295, 13.8239, 0.223271, 0.0956737, 16.9544, 0.153944, 0.469069, 49.0585, 0.231595, 0.802492, 4.96235, -0.57958, 0.970819, 55.1918, 0.561298, 0.906203, 651.687, 0.362137, 0.638236, 96.0721, 0.73693, 0.379264, 19.1697, 0.0394283, 0.42236, 78.3831, 0.149566, 0.0701152, 13.9531, 0.691517, 0.214998, 6.09848, 0.104925, 0.428649, 86.0056, 0.37782, 0.603254, 87.7993, 0.203187, 0.0399571, 69.8832, 0.636399, 0.78312, 481.84, -0.650107, 0.0784505, 50.996, -0.0364185, 0.04695, 10.0638, 0.406826, 0.133922, 82.442, 0.0190827, 0.473607, 33.2785, 0.455945, 0.235844, 58.4625, -0.143762, 0.874168, 48.2328, 0.443526, 0.766424, 29.0291, 0.00990934, 0.668577, 56.799, 0.0183363, 0.38271, 79.4471, 0.455883, 0.722431, 727.899, -0.12487, 0.978343, 41.0837, 0.668018, 0.910652, 22.5391, -0.112248, 0.916809, 187.692, 0.250938, 0.381613, 663.642, 0.194606, 0., 762.298, 0.]
	}, {
		/pitch : 0.890899,
		/buffer : "oboe.reartic.1",
		/event/time : 5.92639,
		/envelope : [0., 0., 1., 0.939194, 3805.82, 0.66604, 0.939194, 223.142, 1., 0., 1847.43, 0.728211]
	}]
},
/time : 6.02933,
/prefix : "112514123.0419"