/score : {
	/engine : "reartic",
	/instrument : "violin",
	/samples : ["Vn-ord_pont-D#6-mf-1c.aif", "Vn-crush_ord-E6-mf-1c.aif", "Vn-trem-D#6-pp-2c.aif", "Vn-pizz-lv-D#6-ff-2c.aif", "Vn-art-harm-trem-D#6-mf-4c.aif", "Vn-art-harm-D#6-mf-4c.aif", "Vn-pont-trem-D#6-mf-1c.aif", "Vn-tasto-D#6-mf-1c.aif", "Vn-trem_ord-D#6-mf-1c.aif"],
	/suffix : "_violin_reartic.wav",
	/time : 4.59289,
	/events : [{
		/pitch : 0.992557,
		/buffer : "violin.reartic.4",
		/event/time : 0.05,
		/envelope : [0., 0., 0., 0.765909, 30., -0.500797, 0.0554713, 4532.89, -0.268966, 0., 30., 0.]
	}, {
		/pitch : 0.992557,
		/buffer : "violin.reartic.1",
		/event/time : 0.574861,
		/envelope : [0., 0., 0., 0.499351, 2.74513, 0.457875, 0.23736, 54.557, 0.386393, 0.660315, 54.981, 0.448929, 0.589903, 51.5747, 0.448296, 0.294941, 60.2002, 0.0721897, 0.363429, 7.70001, 0.265242, 0.79848, 55.2535, -0.128707, 0.538619, 66.0486, 0.127267, 0.980025, 9.16833, 0.437898, 0.201005, 34.4439, -0.0370148, 0.0808435, 46.7324, -0.637072, 0.914716, 42.4854, -0.685593, 0.461617, 33.3372, -0.416487, 0.417947, 28.1336, -0.643395, 0.102827, 512.75, -0.0272515, 0.679742, 12.7754, 0.726191, 0.898636, 45.7179, -0.246703, 0.812111, 73.7631, -0.424231, 0.650613, 57.5682, -0.629749, 0.260116, 43.1625, -0.666172, 0.119019, 59.0062, -0.636383, 0.840806, 85.6672, 0.614749, 0.622277, 0.707301, -0.690769, 0.768234, 626.573, -0.118772, 0.494481, 102.853, 0.287065, 0.820428, 70.7741, 0.154335, 0.105557, 37.6029, 0.018307, 0.337332, 4.93397, -0.493018, 0.892907, 71.5116, -0.0819197, 0.647698, 42.1602, 0.241538, 0.494425, 84.1326, -0.0125133, 0.798065, 713.933, -0.447688, 0.0348666, 109.72, -0.10169, 0.0455451, 73.8631, -0.0258712, 0.957751, 2.25291, 0.235014, 0.54102, 118.663, -0.22786, 0., 1095.44, 0.]
	}, {
		/pitch : 0.992557,
		/buffer : "violin.reartic.5",
		/event/time : 0.968507,
		/envelope : [0., 0., 0., 0.0545419, 30.8712, -0.03362, 0.943099, 49.3525, -0.53176, 0.66692, 59.1803, 0.340849, 0.507675, 29.744, -0.328064, 0.147498, 20.5011, 0.701479, 0.997891, 1.37182, -0.604791, 0.549494, 50.1782, 0.592446, 0.53113, 59.1503, -0.566879, 0.364468, 11.7566, -0.749297, 0.0989859, 28.7765, 0.623486, 0.275989, 53.4624, 0.399672, 0.807816, 13.5123, -0.285337, 0.521653, 5.91559, -0.141684, 0.369583, 58.8637, 0.166493, 0.661864, 28.5955, -0.54885, 0.458015, 582.077, -0.284115, 0.580272, 13.1064, -0.616936, 0.821555, 56.0739, 0.26698, 0.857149, 18.6757, -0.411742, 0.208448, 29.172, 0.416699, 0.0493101, 24.1059, 0.313234, 0.701476, 56.2758, 0.60565, 0.648074, 73.203, -0.0383318, 0.0651903, 61.3751, 0.15192, 0.427344, 65.6414, 0.366649, 0.763289, 71.7771, 0.392203, 0.0138803, 51.988, 0.119333, 0.158792, 431.301, 0.54765, 0.336155, 4.75289, 0.740392, 0.619008, 10.6206, 0.688966, 0.883792, 12.9728, 0.282203, 0.426024, 74.4566, -0.315032, 0.767575, 30.3505, 0.685472, 0.0359432, 42.7277, -0.588444, 0.174817, 78.8373, -0.0527208, 0.908557, 27.1256, 0.215763, 0.413506, 77.0114, -0.0138317, 0.802038, 20.8894, 0.204903, 0.710706, 57.5924, 0.540328, 0.549942, 661.028, 0.216005, 0.410419, 70.1522, 0.622497, 0.286032, 5.85951, 0.0851127, 0.181059, 12.657, 0.151392, 0.446627, 155.29, -0.254948, 0.957435, 61.3027, -0.383308, 0., 1153.26, 0.]
	}, {
		/pitch : 0.992557,
		/buffer : "violin.reartic.8",
		/event/time : 1.49337,
		/envelope : [0., 0., 0., 0.0863776, 54.3216, -0.315377, 0.127331, 34.5471, 0.372592, 0.950199, 10.0875, 0.466999, 0.741736, 7.02619, 0.0799881, 0.602022, 39.0824, -0.221458, 0.753006, 60.2064, -0.696199, 0.521233, 73.2584, -0.270359, 0.938696, 64.6252, -0.257746, 0.543041, 92.5093, -0.393746, 0.772247, 584.445, 0.121267, 0.376991, 48.2841, 0.59528, 0.562769, 26.9088, -0.625907, 0.102891, 12.3687, -0.737975, 0.763972, 52.1305, -0.140951, 0.813763, 40.1011, 0.534615, 0.800897, 36.8598, 0.0502961, 0.931278, 52.8768, -0.405533, 0.242841, 5.05014, -0.455808, 0.695089, 44.5176, -0.584184, 0.130104, 15.8015, 0.358223, 0.238501, 55.9756, 0.393518, 0.484821, 35.9827, -0.441226, 0.0885709, 41.0113, -0.0564998, 0.0873099, 43.2335, 0.518134, 0.257603, 16.0098, 0.186561, 0.75628, 528.712, -0.405183, 0.655996, 69.9508, -0.163986, 0.454942, 43.1449, -0.697548, 0.57458, 21.8925, 0.438543, 0.0742379, 44.1693, 0.747431, 0.88839, 36.5237, -0.107898, 0.739097, 23.1265, -0.587996, 0.125974, 10.0144, -0.424807, 0.202798, 30.0402, -0.514055, 0.00911134, 81.7569, -0.289277, 0.0380488, 7.22788, -0.2609, 0.0604496, 81.4696, 0.0814458, 0.75822, 526.439, -0.244994, 0.211778, 147.66, 0.675408, 0.327027, 120.437, -0.408314, 0.684618, 37.6214, -0.215024, 0.47653, 85.055, -0.477813, 0.729697, 125.265, 0.710192, 0.781094, 715.707, 0.571496, 0., 309.453, 0.]
	}, {
		/pitch : 0.992557,
		/buffer : "violin.reartic.3",
		/event/time : 2.41188,
		/envelope : [0., 0., 0., 0.549339, 44.2302, -0.205926, 0.345788, 13.065, -0.264827, 0.948102, 2.34572, -0.00441493, 0.614507, 25.6956, 0.158917, 0.48588, 57.2264, 0.710946, 0.0238757, 8.3382, 0.55183, 0.489646, 68.8139, 0.651394, 0.156151, 7.73643, 0.170106, 0.466632, 67.1741, -0.0796378, 0.321767, 11.996, -0.380494, 0.451503, 41.0931, 0.611889, 0.102103, 64.077, 0.392174, 0.29585, 610.198, 0.465214, 0.439285, 36.4003, 0.477915, 0.95174, 35.1682, -0.608426, 0.94498, 26.3738, 0.565144, 0.454986, 25.4249, 0.647399, 0.918276, 40.9627, -0.546448, 0.984106, 2.67773, -0.497644, 0.614321, 28.9592, -0.308927, 0.593668, 23.809, 0.54383, 0.145269, 48.5008, -0.126925, 0.187568, 45.1697, 0.0746438, 0.127574, 49.1244, -0.579824, 0.572762, 55.8433, -0.576892, 0.273231, 21.284, -0.145693, 0.866235, 53.6536, -0.638435, 0.276968, 49.553, 0.548382, 0.229997, 58.528, 0.375363, 0.25453, 382.736, 0.2911, 0.306467, 6.03027, 0.0807781, 0.544637, 64.2167, -0.0535011, 0.73727, 65.7082, -0.235415, 0.0112049, 39.5793, -0.0422986, 0.0837056, 33.6793, -0.10783, 0.644114, 16.5119, 0.676367, 0.458952, 97.5841, 0.543897, 0.980051, 805.677, 0.374703, 0.462072, 122.899, -0.0434955, 0.920311, 187.566, 0.0332913, 0.958978, 195.959, -0.650158, 0., 951.318, 0.]
	}, {
		/pitch : 0.992557,
		/buffer : "violin.reartic.7",
		/event/time : 3.4616,
		/envelope : [0., 0., 1., 0.553835, 1490.13, -0.000977548, 0.553835, 599.811, 1., 0., 2502.95, 0.43177]
	}, {
		/pitch : 0.992557,
		/buffer : "violin.reartic.9",
		/event/time : 3.72403,
		/envelope : [0., 0., 1., 0.715992, 1274.63, 0.6767, 0.715992, 10.9683, 1., 0., 3307.29, 0.641555]
	}, {
		/pitch : 0.936849,
		/buffer : "violin.reartic.2",
		/event/time : 4.24889,
		/envelope : [0., 0., 0., 0.987963, 28.1274, 0.140004, 0.634471, 30.6043, -0.517718, 0.439076, 5.96998, 0.133723, 0.237371, 21.224, -0.469896, 0.156233, 10.7472, -0.665693, 0.847996, 50.3328, 0.720156, 0.293375, 64.4169, 0.702115, 0.990745, 58.3846, -0.265982, 0.657382, 64.4649, 0.716639, 0.718154, 47.1415, 0.253179, 0.854524, 55.4561, 0.146671, 0.918987, 62.8442, 0.439405, 0.405324, 45.6579, -0.711355, 0.721717, 527.854, 0.265176, 0.466233, 38.6109, 0.625921, 0.486325, 75.9606, 0.225764, 0.332604, 77.43, -0.379588, 0.159562, 77.2972, -0.674364, 0.875519, 45.3565, -0.237021, 0.376087, 55.5516, -0.694054, 0.991575, 94.1363, 0.344003, 0.270422, 106.429, 0.160746, 0.0193011, 370.049, 0.664029, 0.892467, 57.2381, 0.464798, 0.0213182, 41.5441, -0.306709, 0.301525, 46.0949, -0.670702, 0.217738, 52.8236, -0.0195462, 0.401256, 11.8524, -0.411088, 0.972947, 38.2995, 0.53018, 0.138296, 37.1501, -0.623278, 0.855537, 89.6791, 0.463016, 0.550191, 30.859, 0.102523, 0.781979, 27.3635, -0.10248, 0.0272272, 726.215, 0.109657, 0.800192, 295.699, 0.383723, 0.503094, 39.2862, -0.25304, 0., 1084.74, 0.]
	}, {
		/pitch : 0.992557,
		/buffer : "violin.reartic.6",
		/event/time : 4.64289,
		/envelope : [0., 0., 1., 0.93769, 1908.73, -0.433739, 0.93769, 882.122, 1., 0., 1802.03, 0.0352629]
	}]
},
/time : 5.43296,
/prefix : "11251442.0479"