/score : {
	/engine : "reartic",
	/instrument : "cello",
	/samples : ["Vc-art-harm-trem-A6-mf-1c.aif", "Vc-art-harm-A6-mf-1c.aif"],
	/suffix : "_cello_reartic.wav",
	/time : 3.99742,
	/events : [{
		/pitch : 1.,
		/buffer : "cello.reartic.1",
		/event/time : 0.05,
		/envelope : [0., 0., 0., 0.860453, 30., -0.478872, 0.145494, 3937.42, 0.37528, 0., 30., 0.]
	}, {
		/pitch : 1.,
		/buffer : "cello.reartic.2",
		/event/time : 0.688553,
		/envelope : [0., 0., 0., 0.771739, 32.296, 0.649475, 0.319719, 50.145, 0.195303, 0.475973, 44.6694, -0.0874231, 0.857465, 18.3895, 0.606766, 0.489839, 8.89638, -0.456255, 0.110011, 22.7637, 0.0386084, 0.977103, 34.7474, 0.37214, 0.36317, 5.19187, -0.360666, 0.0682569, 28.6096, 0.0136104, 0.598634, 23.8627, -0.287231, 0.0466811, 39.4179, 0.123476, 0.48824, 1.17821, 0.517562, 0.13619, 7.65391, 0.0838361, 0.0196388, 47.612, 0.335532, 0.357092, 41.695, -0.440366, 0.0591526, 45.4389, -0.406676, 0.357762, 28.9135, -0.613181, 0.256381, 43.9265, -0.341819, 0.608998, 8.33748, 0.313399, 0.00462091, 475.765, 0.0399652, 0.777834, 4.68235, 0.675211, 0.143199, 59.8175, 0.284312, 0.0752799, 44.1638, 0.571069, 0.6236, 34.3224, 0.727628, 0.794854, 11.7108, -0.241647, 0.69266, 89.8311, 0.70521, 0.925895, 33.3689, 0.267486, 0.475236, 39.5792, -0.301913, 0.523513, 73.3774, -0.68523, 0.408061, 46.4329, 0.135522, 0.109504, 621.542, -0.399493, 0.226107, 72.8436, 0.444826, 0.687154, 81.0622, -0.376768, 0.509696, 69.1784, 0.450457, 0.183567, 93.9443, -0.716387, 0.656643, 93.6998, 0.0178962, 0.861575, 36.9509, -0.159888, 0.508599, 102.702, 0.676796, 0.745053, 600.284, 0.554484, 0.742304, 72.1778, -0.566831, 0., 706.24, 0.]
	}, {
		/pitch : 1.,
		/buffer : "cello.reartic.2",
		/event/time : 1.1994,
		/envelope : [0., 0., 1., 0.895197, 2381.85, -0.686241, 0.895197, 215.718, 1., 0., 1399.86, 0.227732]
	}, {
		/pitch : 1.,
		/buffer : "cello.reartic.2",
		/event/time : 1.71024,
		/envelope : [0., 0., 0., 0.707563, 30.783, 0.452076, 0.0568244, 2.96213, 0.333648, 0.197881, 47.4679, -0.30454, 0.665285, 53.7664, -0.495578, 0.520102, 43.0468, 0.563942, 0.656109, 52.3985, 0.226742, 0.384282, 24.3615, -0.171959, 0.598859, 34.7766, -0.399352, 0.648222, 39.9082, 0.436396, 0.374812, 32.5808, -0.656242, 0.432785, 57.9708, -0.580082, 0.738436, 48.9326, 0.47717, 0.530477, 47.6617, 0.0974162, 0.748252, 36.5106, -0.46511, 0.0355297, 17.8963, 0.177382, 0.107723, 22.1586, 0.0771324, 0.656988, 24.5675, 0.0645974, 0.123581, 385.388, -0.311698, 0.710978, 8.24963, -0.00258613, 0.652448, 35.2756, 0.686042, 0.611528, 86.1588, -0.234286, 0.964792, 73.4974, -0.675612, 0.549838, 18.1385, 0.330231, 0.0340296, 54.2622, -0.0552827, 0.971613, 45.8248, -0.403871, 0.524882, 50.6147, 0.606055, 0.46129, 82.9701, -0.212218, 0.456262, 67.5687, -0.612409, 0.144112, 595.685, 0.0431435, 0.512754, 68.1288, 0.167665, 0.512524, 142.299, -0.513353, 0.439314, 141.056, 0.1464, 0.216721, 104.484, 0.598428, 0.820601, 1.80702, -0.50674, 0.705766, 136.615, -0.572627, 0.960635, 466.565, 0.280541, 0., 815.083, 0.]
	}, {
		/pitch : 1.,
		/buffer : "cello.reartic.2",
		/event/time : 2.98734,
		/envelope : [0., 0., 1., 0.738648, 2433.76, 0.493054, 0.738648, 533.097, 1., 0., 1030.56, 0.0477846]
	}, {
		/pitch : 1.,
		/buffer : "cello.reartic.1",
		/event/time : 4.04742,
		/envelope : [0., 0., 1., 0.926473, 2317.81, -0.141565, 0.926473, 360.014, 1., 0., 1319.6, -0.523453]
	}]
},
/time : 5.43296,
/prefix : "112514419.0604"