/score : {
	/engine : "reartic",
	/instrument : "viola",
	/samples : ["Va-ord_tasto-A6-mf-1c.aif", "Va-art-harm-A6-mf-2c.aif", "Va-ord-A6-mf-1c.aif", "Va-ord-A6-ff-1c.aif", "Va-pont-E6-mf-1c.aif", "Va-ord_trem-G6-mf-1c.aif", "Va-nonvib-A6-mf-1c.aif"],
	/suffix : "_viola_reartic.wav",
	/time : 4.11241,
	/events : [{
		/pitch : 1.,
		/buffer : "viola.reartic.3",
		/event/time : 0.05,
		/envelope : [0., 0., 0., 0.914941, 30., 0.672186, 0.0640234, 4052.41, 0.163448, 0., 30., 0.]
	}, {
		/pitch : 1.,
		/buffer : "viola.reartic.2",
		/event/time : 0.184124,
		/envelope : [0., 0., 0., 0.233055, 54.8967, -0.00549024, 0.905034, 21.2251, -0.22836, 0.85926, 42.1875, 0.565956, 0.284839, 19.7044, 0.628109, 0.13508, 53.2506, 0.506144, 0.854529, 8.10543, 0.744493, 0.974493, 34.2086, -0.432044, 0.162968, 15.4919, 0.0986177, 0.279166, 16.8236, -0.681675, 0.85087, 13.6516, -0.39363, 0.497992, 30.2052, 0.468025, 0.0885675, 28.6776, -0.133748, 0.460662, 55.7467, 0.067481, 0.128507, 6.8671, 0.345579, 0.839277, 9.30112, -0.22063, 0.312487, 0.239726, 0.046783, 0.386196, 20.8133, 0.631391, 0.485972, 652.284, 0.650821, 0.575187, 39.3548, -0.480662, 0.886931, 54.8598, -0.354501, 0.23856, 2.56426, -0.412768, 0.414822, 80.7966, -0.300134, 0.494971, 3.99631, -0.529485, 0.223862, 36.9651, 0.434983, 0.195584, 41.0755, 0.68562, 0.466928, 73.0224, 0.49216, 0.809707, 18.8663, 0.0454951, 0.86688, 58.4563, -0.535957, 0.413934, 648.296, -0.2657, 0.151555, 115.877, -0.262161, 0.212243, 151.218, 0.294714, 0.61265, 21.6448, 0.0627942, 0.539118, 161.282, -0.241516, 0.865928, 99.5789, 0.614422, 0.611146, 482.392, -0.174076, 0.557169, 286.324, -0.497705, 0., 652.161, 0.]
	}, {
		/pitch : 1.33484,
		/buffer : "viola.reartic.5",
		/event/time : 0.854744,
		/envelope : [0., 0., 1., 0.719353, 3064.56, 0.0409931, 0.719353, 2.72345, 1., 0., 1045.13, -0.740337]
	}, {
		/pitch : 1.,
		/buffer : "viola.reartic.1",
		/event/time : 1.65949,
		/envelope : [0., 0., 1., 0.554456, 835.041, -0.243577, 0.554456, 139.362, 1., 0., 3138.01, 0.736451]
	}, {
		/pitch : 1.,
		/buffer : "viola.reartic.4",
		/event/time : 2.33011,
		/envelope : [0., 0., 0., 0.192744, 110.724, 0.457473, 0.712852, 61.8844, 0.63164, 0.302344, 49.1573, -0.123776, 0.966624, 87.0898, 0.32298, 0.189743, 42.8058, -0.102323, 0.250438, 47.6797, 0.482438, 0.731674, 37.1233, -0.0693905, 0.00128043, 56.3495, 0.720103, 0.161635, 100.31, -0.598819, 0.995794, 452.719, 0.247723, 0.461223, 130.266, 0.185093, 0.0268648, 138.343, -0.333598, 0.678087, 62.7843, 0.0555879, 0.534571, 104.171, -0.71253, 0.667703, 67.8524, 0.0587225, 0.529272, 492.907, 0.583852, 0.513214, 26.572, -0.664553, 0.537391, 36.2226, 0.335111, 0.615135, 168.979, -0.156927, 0.739137, 13.8101, -0.628144, 0.309185, 868.607, 0.659314, 0.675745, 65.487, -0.514839, 0.217541, 50.4809, -0.237781, 0., 840.084, 0.]
	}, {
		/pitch : 1.12246,
		/buffer : "viola.reartic.6",
		/event/time : 3.26898,
		/envelope : [0., 0., 1., 0.697874, 1676.25, 0.150134, 0.697874, 188.928, 1., 0., 2247.24, -0.344949]
	}, {
		/pitch : 1.,
		/buffer : "viola.reartic.2",
		/event/time : 3.9396,
		/envelope : [0., 0., 1., 0.95105, 1286.31, 0.0408864, 0.95105, 214.372, 1., 0., 2611.73, -0.410432]
	}, {
		/pitch : 1.,
		/buffer : "viola.reartic.7",
		/event/time : 4.16241,
		/envelope : [0., 0., 1., 0.999894, 1134.94, 0.0682179, 0.999894, 157.876, 1., 0., 2819.6, 0.532873]
	}]
},
/time : 4.59544,
/prefix : "11251316.0584"