/score : {
	/engine : "reartic",
	/instrument : "cello",
	/samples : ["Vc-pizz-lv-C#4-ff-1c.aif", "Vc-decr-C4-ffpp-1c.aif", "Vc-trem-C#4-mf-1c.aif", "Vc-tasto-trem-C#4-mf-1c.aif", "Vc-trem-C#4-ff-1c.aif", "Vc-nonvib-C#4-mf-1c.aif"],
	/suffix : "_cello_reartic.wav",
	/time : 3.50399,
	/events : [{
		/pitch : 1.02776,
		/buffer : "cello.reartic.6",
		/event/time : 0.05,
		/envelope : [0., 0., 0., 0.947321, 30., 0.70192, 0.076419, 3443.99, 0.35632, 0., 30., 0.]
	}, {
		/pitch : 1.02776,
		/buffer : "cello.reartic.3",
		/event/time : 0.408268,
		/envelope : [0., 0., 0., 0.9758, 30., -0.835261, 0.143607, 3443.99, -0.394675, 0., 30., 0.]
	}, {
		/pitch : 1.02776,
		/buffer : "cello.reartic.5",
		/event/time : 1.36365,
		/envelope : [0., 0., 0., 0.109379, 101.112, 0.630959, 0.0836189, 119.391, -0.427192, 0.898654, 103.855, -0.587402, 0.119821, 55.7102, -0.298541, 0.495585, 85.2359, -0.495795, 0.142785, 57.9237, 0.321992, 0.894922, 90.3007, -0.725103, 0.811054, 90.9399, -0.221446, 0.19711, 337.701, -0.125263, 0.822296, 71.4077, 0.395834, 0.546632, 90.6355, 0.309709, 0.716849, 17.6028, 0.383498, 0.35121, 67.5701, 0.411492, 0.500477, 1.35965, 0.00956615, 0.918518, 68.7384, 0.380732, 0.0511233, 23.2067, 0.129001, 0.247061, 13.8024, -0.0336142, 0.962748, 67.3323, 0.189298, 0.626951, 60.1093, 0.104986, 0.36184, 596.243, 0.574144, 0.0154576, 258.318, 0.210804, 0.10213, 93.6616, -0.245315, 0., 1031.83, 0.]
	}, {
		/pitch : 1.02776,
		/buffer : "cello.reartic.1",
		/event/time : 2.43845,
		/envelope : [0., 0., 0., 0.312832, 92.1299, 0.667757, 0.0342113, 5.62444, 0.591301, 0.476421, 50.3137, 0.137227, 0.75037, 30.6393, 0.493984, 0.30615, 40.0627, -0.316526, 0.000891333, 75.5473, -0.374319, 0.493861, 102.673, 0.202908, 0.0619793, 63.9372, -0.512484, 0.00254176, 618.18, 0.680622, 0.236483, 97.9163, 0.32388, 0.26577, 65.2585, -0.575515, 0.528361, 96.7522, -0.321934, 0.909223, 86.2572, -0.665541, 0.851906, 17.1631, 0.474294, 0.527812, 87.1516, 0.0551395, 0.550829, 96.6227, -0.179924, 0.578949, 8.66886, 0.305048, 0.993125, 0.0398582, -0.595067, 0.996419, 429.582, -0.369028, 0.453577, 147.588, -0.250382, 0.512718, 32.8173, -0.466831, 0.083223, 107.696, 0.310947, 0.596623, 61.1509, -0.445801, 0.52374, 28.4308, -0.390669, 0., 1061.79, 0.]
	}, {
		/pitch : 1.02776,
		/buffer : "cello.reartic.4",
		/event/time : 3.15499,
		/envelope : [0., 0., 0., 0.551068, 12.3409, 0.0781359, 0.391706, 59.6709, -0.519681, 0.837379, 42.523, 0.00719335, 0.824907, 28.4428, -0.68442, 0.451802, 65.6626, 0.626771, 0.552678, 81.2929, 0.48041, 0.393145, 74.888, -0.291, 0.673429, 22.9674, 0.349087, 0.103804, 72.2236, 0.128407, 0.608287, 45.8585, 0.742214, 0.830383, 53.1906, 0.635227, 0.526976, 10.8202, -0.0789196, 0.140876, 434.187, 0.705004, 0.519217, 59.0811, -0.453424, 0.128481, 63.121, -0.0375679, 0.0447, 82.7109, 0.0139433, 0.274125, 28.8866, -0.386094, 0.136735, 4.63776, -0.0348441, 0.133447, 92.9646, 0.381193, 0.915156, 47.5637, -0.164596, 0.504154, 103.652, -0.731377, 0.877609, 541.926, 0.110767, 0.784656, 122.23, -0.391047, 0.771659, 105.182, -0.420708, 0.69305, 140.764, 0.352951, 0.399059, 77.5879, -0.328196, 0.823726, 35.9004, 0.620676, 0.317174, 67.2794, 0.581071, 0., 926.435, 0.]
	}, {
		/pitch : 1.08887,
		/buffer : "cello.reartic.2",
		/event/time : 3.55399,
		/envelope : [0., 0., 0., 0.0542022, 30., 0.690729, 0.94193, 3443.99, 0.415942, 0., 30., 0.]
	}]
},
/time : 4.19919,
/prefix : "11251392.0375"