/score : {
	/engine : "reartic",
	/instrument : "viola",
	/samples : ["Va-art-harm-F7-mf-1c.aif", "Va-trem-C7-ff-1c.aif", "Va-trem-C7-pp-1c.aif", "Va-trem-C7-mf-1c.aif", "Va-ord-C7-mf-1c.aif", "Va-ord-C7-ff-1c.aif"],
	/suffix : "_viola_reartic.wav",
	/time : 4.43543,
	/events : [{
		/pitch : 1.41421,
		/buffer : "viola.reartic.2",
		/event/time : 0.05,
		/envelope : [0., 0., 0., 0.141826, 30., -0.815469, 0.790733, 4375.43, -0.795588, 0., 30., 0.]
	}, {
		/pitch : 1.05946,
		/buffer : "viola.reartic.1",
		/event/time : 0.282596,
		/envelope : [0., 0., 0., 0.505618, 21.5466, -0.428679, 0.80093, 41.4519, -0.516312, 0.0316878, 39.6319, 0.0225964, 0.739725, 39.0735, -0.696632, 0.562837, 41.6202, -0.15583, 0.0959542, 11.356, -0.514864, 0.656374, 14.2399, -0.637873, 0.752397, 11.8524, 0.549491, 0.574974, 35.4587, 0.120488, 0.627556, 33.3877, -0.126015, 0.476783, 7.31826, 0.530796, 0.109959, 22.5881, 0.683027, 0.116639, 34.5012, -0.546587, 0.841297, 3.53429, -0.720071, 0.0298227, 13.6358, 0.226415, 0.0499146, 6.2084, 0.725155, 0.490202, 39.7022, -0.262757, 0.978303, 630.936, -0.324713, 0.331476, 46.2479, 0.630705, 0.897543, 44.1971, -0.597063, 0.498759, 54.8045, 0.247322, 0.516099, 13.9077, 0.718096, 0.562866, 13.3013, 0.646896, 0.0677358, 0.772811, 0.693972, 0.937578, 10.7337, -0.615659, 0.790684, 39.5383, 0.207447, 0.929439, 31.5666, -0.0442257, 0.0351411, 51.4312, -0.60913, 0.935761, 10.8469, 0.513528, 0.24056, 49.2512, -0.696657, 0.143297, 11.1633, -0.136103, 0.360137, 22.8321, 0.574171, 0.659413, 594.291, 0.300652, 0.535483, 99.3458, 0.6764, 0.384914, 87.2867, -0.00796593, 0.151898, 58.137, 0.606825, 0.778575, 10.8895, -0.0964842, 0.874258, 136.623, 0.721017, 0.801366, 629.141, -0.496052, 0.365492, 19.2144, 0.722751, 0.710853, 99.5377, -0.0747171, 0.961348, 118.584, 0.279137, 0.24114, 17.944, 0.0370156, 0., 1115.8, 0.]
	}, {
		/pitch : 1.41421,
		/buffer : "viola.reartic.4",
		/event/time : 1.44557,
		/envelope : [0., 0., 0., 0.756181, 30., -0.199591, 0.122668, 4375.43, 0.760671, 0., 30., 0.]
	}, {
		/pitch : 1.41421,
		/buffer : "viola.reartic.6",
		/event/time : 2.49225,
		/envelope : [0., 0., 0., 0.127663, 30., -0.796092, 0.966915, 4375.43, 0.288661, 0., 30., 0.]
	}, {
		/pitch : 1.41421,
		/buffer : "viola.reartic.5",
		/event/time : 3.19004,
		/envelope : [0., 0., 0., 0.766693, 30., 0.663791, 0.137565, 4375.43, -0.292562, 0., 30., 0.]
	}, {
		/pitch : 1.41421,
		/buffer : "viola.reartic.3",
		/event/time : 3.53893,
		/envelope : [0., 0., 0., 0.657058, 1.94921, -0.558146, 0.410428, 7.86497, -0.0735679, 0.595927, 34.2719, 0.631615, 0.189991, 45.4144, -0.0645137, 0.864301, 18.0832, 0.517231, 0.698155, 17.9628, -0.646469, 0.126121, 36.0507, 0.209868, 0.963215, 63.0384, 0.396878, 0.610831, 40.5399, -0.413562, 0.00103623, 17.0313, -0.65034, 0.13557, 25.1406, -0.650774, 0.154725, 35.991, -0.180744, 0.887564, 49.3661, -0.195768, 0.767971, 7.33365, 0.0212717, 0.449167, 3.39667, 0.057692, 0.146104, 650.452, -0.13706, 0.773588, 47.109, -0.70154, 0.959816, 25.0545, 0.107642, 0.356211, 45.8358, -0.50143, 0.567508, 19.0427, 0.262814, 0.694049, 12.04, -0.435746, 0.989677, 50.191, -0.613926, 0.946167, 7.99559, -0.157349, 0.296611, 4.09575, -0.500389, 0.14488, 31.3012, 0.181697, 0.13265, 33.7049, -0.666544, 0.224243, 43.9855, 0.104199, 0.0533038, 54.2126, 0.719082, 0.0804923, 31.9892, 0.226547, 0.169159, 26.7703, -0.0428386, 0.333546, 36.2646, 0.173735, 0.0885976, 27.7552, 0.490923, 0.76284, 506.196, -0.0862544, 0.387284, 20.1391, -0.36758, 0.79798, 71.9077, -0.107845, 0.0879574, 88.6273, -0.565275, 0.867569, 72.3916, 0.69066, 0.00596265, 20.5062, -0.593391, 0.756632, 19.9158, -0.297604, 0.104582, 43.4593, 0.147036, 0.860963, 66.3234, -0.25475, 0.764237, 10.2315, -0.0440135, 0.806908, 554.401, -0.591795, 0.468834, 69.6096, -0.0274194, 0.367014, 91.7211, -0.369058, 0.518623, 41.9435, 0.0392019, 0.677575, 2.82762, -0.205513, 0.442348, 129.427, 0.615489, 0.0357254, 68.8861, -0.259255, 0., 1005.68, 0.]
	}, {
		/pitch : 1.41421,
		/buffer : "viola.reartic.3",
		/event/time : 4.35302,
		/envelope : [0., 0., 0., 0.862614, 30., -0.815096, 0.0623287, 4375.43, 0.275188, 0., 30., 0.]
	}, {
		/pitch : 1.41421,
		/buffer : "viola.reartic.3",
		/event/time : 4.46932,
		/envelope : [0., 0., 0., 0.431473, 13.1197, -0.0721223, 0.672849, 77.6597, 0.133523, 0.466438, 77.9665, -0.420421, 0.814776, 9.01583, 0.716678, 0.307431, 76.5906, -0.194257, 0.974002, 76.0238, 0.0228015, 0.324642, 53.5048, 0.272508, 0.737116, 60.0487, 0.108753, 0.865394, 4.79009, 0.580588, 0.948678, 80.0408, 0.328588, 0.828483, 57.1836, -0.380979, 0.582434, 55.0245, -0.264428, 0.2138, 380.124, -0.296567, 0.76914, 16.1961, 0.208741, 0.181183, 44.4593, 0.363793, 0.938333, 8.51765, 0.279642, 0.209524, 8.49762, 0.230641, 0.0272289, 0.252848, -0.517536, 0.76335, 8.82433, 0.237502, 0.330457, 50.8126, -0.0234402, 0.149117, 3.75668, -0.270725, 0.212267, 57.6831, -0.294954, 0.138141, 40.4938, -0.557091, 0.600645, 49.1794, 0.322071, 0.541141, 56.2863, 0.512668, 0.373193, 12.711, -0.379632, 0.566765, 634.274, -0.494714, 0.525987, 52.8969, -0.366196, 0.375937, 52.9474, -0.439043, 0.105476, 45.0368, 0.205967, 0.231466, 89.7968, -0.165709, 0.535594, 46.2569, 0.322871, 0.145848, 60.1421, -0.0575281, 0.946201, 18.222, 0.300026, 0.0228366, 35.9339, 0.14456, 0.664784, 39.0241, 0.748222, 0.786238, 741.22, 0.2618, 0.201137, 127.861, -0.645132, 0.439258, 25.5213, 0.130946, 0.175497, 161.871, -0.0866856, 0.00583161, 196.647, -0.295058, 0., 729.017, 0.]
	}, {
		/pitch : 1.41421,
		/buffer : "viola.reartic.3",
		/event/time : 4.48543,
		/envelope : [0., 0., 1., 0.606096, 2099.24, 0.614503, 0.606096, 0.660648, 1., 0., 2335.53, 0.547419]
	}]
},
/time : 4.99459,
/prefix : "112512429.0651"