/score : {
	/engine : "reartic",
	/instrument : "oboe",
	/samples : ["Ob-stacc-B3-mf.aif", "Ob-sfz-A#3-f.aif", "Ob-decresc-A#3-ffpp.aif", "Ob-lip-gl-asc-slow-A#3-mf.aif", "Ob-lip-gl-dsc-slow-A#3-mf.aif", "Ob-lip-gl-dsc-fst-A#3-mf.aif"],
	/suffix : "_oboe_reartic.wav",
	/time : 4.7339,
	/events : [{
		/pitch : 0.840896,
		/buffer : "oboe.reartic.4",
		/event/time : 0.05,
		/envelope : [0., 0., 0., 0.837046, 3.03414, 0.443224, 0.151646, 13.8745, 0.00165836, 0.035054, 44.1847, -0.0744993, 0.144872, 47.9607, -0.176669, 0.733341, 49.0819, 0.129991, 0.603669, 21.3668, -0.657477, 0.965173, 41.5888, 0.311949, 0.204946, 36.5279, 0.0443766, 0.382867, 46.6497, -0.63321, 0.179679, 1.57406, -0.020081, 0.462418, 12.3948, 0.191823, 0.406556, 25.3992, -0.53058, 0.151454, 10.477, -0.408815, 0.540057, 17.8535, -0.131222, 0.0457615, 5.876, -0.690603, 0.0726518, 26.8314, -0.145322, 0.0416739, 48.393, -0.532628, 0.975141, 2.15571, 0.693316, 0.0371495, 590.34, -0.655708, 0.667341, 60.9892, 0.0387005, 0.804042, 34.3149, 0.586197, 0.642771, 78.066, -0.0323835, 0.312752, 85.801, 0.519287, 0.881435, 5.91035, 0.228489, 0.792826, 18.9926, 0.619778, 0.0643351, 49.3271, -0.0372866, 0.541082, 664.815, 0.0694789, 0.473718, 61.5823, -0.291328, 0.565486, 34.5545, -0.0539657, 0.730815, 32.8093, 0.42397, 0.551214, 0.849577, 0.387816, 0.711497, 5.17995, 0.33318, 0.577406, 72.6423, 0.640487, 0.388287, 56.4177, -0.0537478, 0.0623122, 8.36874, -0.71486, 0.553315, 7.27985, -0.24341, 0.893096, 33.1402, 0.333133, 0.136599, 33.2551, 0.460085, 0.0926088, 43.7651, -0.700946, 0.841703, 657.655, 0.0414315, 0.516411, 131.445, -0.29484, 0.483505, 105.905, 0.135978, 0.510157, 108.693, -0.637326, 0.66151, 139.02, -0.44445, 0.396673, 4.41766, 0.45212, 0.845934, 491.236, -0.190323, 0., 661.905, 0.]
	}, {
		/pitch : 0.840896,
		/buffer : "oboe.reartic.3",
		/event/time : 1.32158,
		/envelope : [0., 0., 0., 0.466744, 18.2109, -0.389519, 0.637599, 44.4818, -0.620767, 0.840972, 33.9345, 0.304954, 0.363765, 30.8834, 0.278066, 0.726485, 2.63288, -0.154672, 0.84547, 12.8502, -0.48282, 0.287902, 33.012, 0.623296, 0.0188958, 35.1484, 0.607142, 0.181895, 37.9409, -0.683476, 0.745181, 9.94646, -0.644351, 0.0317182, 31.7278, 0.315006, 0.722476, 14.6761, -0.606464, 0.637039, 43.1442, 0.0324183, 0.0707298, 20.2881, 0.335273, 0.270436, 36.7659, -0.441599, 0.337502, 34.1553, -0.664812, 0.00348772, 28.1091, 0.58843, 0.878463, 6.03272, 0.364958, 0.527601, 29.6994, 0.716035, 0.852016, 46.2775, 0.707453, 0.374939, 25.5125, -0.352249, 0.255793, 449.097, 0.0460756, 0.306996, 47.7875, -0.539969, 0.165252, 7.56261, -0.12969, 0.712599, 6.48121, -0.647555, 0.513189, 19.7443, 0.530979, 0.784481, 60.752, -0.188001, 0.604738, 36.0507, 0.272586, 0.77554, 44.4466, 0.514727, 0.886822, 61.4407, -0.0820908, 0.649156, 26.2337, 0.357982, 0.503097, 31.1421, -0.569342, 0.0242666, 27.0595, 0.241633, 0.287964, 61.1996, 0.183137, 0.448474, 49.173, 0.379422, 0.765077, 53.9207, -0.439881, 0.905387, 59.9088, 0.470582, 0.551262, 398.556, 0.433084, 0.453588, 65.5431, 0.271746, 0.706979, 33.8884, -0.110232, 0.809707, 70.6693, -0.113525, 0.917639, 1.63952, -0.707367, 0.544768, 19.4787, -0.60334, 0.528443, 5.88919, 0.33912, 0.0841488, 21.3834, 0.536205, 0.796475, 82.5098, -0.0506242, 0.24051, 982.901, 0.0230119, 0.807503, 262.985, 0.449344, 0.115496, 185.362, 0.343992, 0., 985.666, 0.]
	}, {
		/pitch : 0.840896,
		/buffer : "oboe.reartic.6",
		/event/time : 2.21168,
		/envelope : [0., 0., 0., 0.984438, 30., -0.293439, 0.0696151, 4673.9, -0.169289, 0., 30., 0.]
	}, {
		/pitch : 0.793701,
		/buffer : "oboe.reartic.1",
		/event/time : 2.33884,
		/envelope : [0., 0., 0., 0.113262, 30., 0.012452, 0.893311, 4673.9, 0.272335, 0., 30., 0.]
	}, {
		/pitch : 0.793701,
		/buffer : "oboe.reartic.1",
		/event/time : 2.97463,
		/envelope : [0., 0., 1., 0.663098, 2165.51, -0.58541, 0.663098, 569.998, 1., 0., 1998.39, -0.567305]
	}, {
		/pitch : 0.840896,
		/buffer : "oboe.reartic.2",
		/event/time : 4.11905,
		/envelope : [0., 0., 0., 0.992909, 33.5053, -0.0410649, 0.48739, 25.2061, -0.393679, 0.0873297, 0.14102, -0.579214, 0.506546, 4.23518, -0.169329, 0.931918, 10.0704, 0.732529, 0.0371522, 34.2797, -0.016138, 0.0252329, 1.66463, -0.259372, 0.404889, 42.6966, 0.120961, 0.124265, 38.83, 0.127311, 0.937177, 0.476589, -0.612118, 0.743132, 31.0714, -0.234359, 0.709627, 1.38849, -0.00720907, 0.531836, 40.4777, -0.381765, 0.055936, 41.0785, 0.588609, 0.529008, 27.624, -0.633073, 0.938073, 22.1559, -0.552455, 0.9202, 2.87614, 0.581265, 0.877563, 17.4072, -0.672732, 0.956647, 21.0731, -0.646538, 0.225264, 16.481, 0.685825, 0.280165, 18.9179, -0.0975823, 0.347292, 13.8461, -0.628189, 0.262397, 33.7012, -0.347734, 0.39249, 543.36, -0.603702, 0.243409, 56.2103, 0.560436, 0.863528, 48.3343, -0.397056, 0.699714, 32.0145, -0.180474, 0.488419, 64.5102, 0.343363, 0.639874, 27.4871, -0.633347, 0.441528, 56.9524, -0.0113903, 0.299996, 51.1677, -0.343121, 0.581951, 65.3038, -0.546109, 0.697483, 69.1229, -0.737413, 0.416437, 21.6237, -0.669984, 0.0946566, 40.7398, -0.309038, 0.349929, 20.5001, 0.692597, 0.846437, 51.3489, -0.220265, 0.683191, 374.703, 0.741281, 0.32544, 78.2456, 0.652139, 0.500333, 83.4103, -0.641681, 0.788681, 89.5389, -0.0210104, 0.411938, 32.9702, 0.689086, 0.156675, 17.5777, -0.197166, 0.834876, 49.9935, 0.311536, 0.668819, 44.362, 0.311379, 0.0751613, 8.26502, 0.011021, 0.510628, 631.935, 0.324966, 0.153594, 114.644, 0.544441, 0.228708, 84.3454, 0.304749, 0.640025, 119.345, 0.485143, 0.197907, 1049.63, 0.469341, 0., 327.058, 0.]
	}, {
		/pitch : 0.840896,
		/buffer : "oboe.reartic.2",
		/event/time : 4.62768,
		/envelope : [0., 0., 0., 0.051447, 30., 0.710025, 0.89828, 4673.9, -0.230383, 0., 30., 0.]
	}, {
		/pitch : 0.840896,
		/buffer : "oboe.reartic.5",
		/event/time : 4.7839,
		/envelope : [0., 0., 0., 0.997182, 30., -0.292405, 0.117503, 4673.9, 0.642236, 0., 30., 0.]
	}]
},
/time : 4.99459,
/prefix : "112512437.0716"