/score : {
	/engine : "reartic",
	/instrument : "oboe",
	/samples : ["Ob-lip-gl-dsc-mod-G6-mf.aif", "Ob-stacc-G6-mf.aif", "Ob-lip-gl-asc-fst-G6-mf.aif", "Ob-ord-A6-ff.aif", "Ob-ord-A6-pp.aif", "Ob-cresc-A6-ppff.aif"],
	/suffix : "_oboe_reartic.wav",
	/time : 4.61727,
	/events : [{
		/pitch : 1.09898,
		/buffer : "oboe.reartic.1",
		/event/time : 0.05,
		/envelope : [0., 0., 0., 0.552726, 21.9225, -0.198272, 0.10748, 37.013, 0.122489, 0.0396952, 20.6885, -0.118045, 0.978197, 46.5479, 0.134845, 0.0397713, 26.3312, -0.585346, 0.437227, 17.6369, 0.743719, 0.246885, 31.8097, 0.164448, 0.935528, 35.6325, -0.587425, 0.0122834, 69.7607, -0.71146, 0.0476203, 29.2973, -0.454143, 0.446001, 26.5467, 0.260462, 0.192586, 64.3777, 0.23852, 0.512118, 23.2348, 0.0631453, 0.968663, 41.8015, -0.57422, 0.873155, 509.55, 0.461916, 0.666395, 6.38059, -0.195445, 0.425886, 27.8879, 0.615164, 0.325246, 59.4782, -0.498763, 0.694532, 74.0956, -0.06801, 0.0555378, 13.6118, -0.513595, 0.27839, 73.4858, -0.389747, 0.662552, 14.8842, 0.585901, 0.401314, 64.7481, 0.542016, 0.551439, 8.29107, -0.051084, 0.652801, 54.0356, -0.705497, 0.756856, 13.9247, -0.24387, 0.20941, 698.039, 0.551109, 0.63856, 86.9098, 0.207863, 0.766977, 29.4584, 0.633673, 0.473198, 87.8105, 0.406822, 0.113373, 109.047, 0.439617, 0.243536, 45.1495, -0.22137, 0.236018, 76.1564, 0.462218, 0.0445699, 69.2629, 0.652509, 0.498978, 391.655, 0.0995324, 0.015414, 164.934, 0.0470641, 0.660797, 91.8439, -0.74354, 0.508526, 60.7698, 0.220468, 0.729433, 166.283, -0.722942, 0.787009, 162.764, 0.427473, 0.0549346, 753.876, 0.709203, 0., 210.331, 0.]
	}, {
		/pitch : 0.979076,
		/buffer : "oboe.reartic.5",
		/event/time : 0.588012,
		/envelope : [0., 0., 1., 0.85698, 2833.05, -0.51238, 0.85698, 33.5819, 1., 0., 1750.63, -0.648207]
	}, {
		/pitch : 1.09898,
		/buffer : "oboe.reartic.3",
		/event/time : 1.93304,
		/envelope : [0., 0., 0., 0.830436, 30., -0.300311, 0.128214, 4557.27, 0.450009, 0., 30., 0.]
	}, {
		/pitch : 1.09898,
		/buffer : "oboe.reartic.2",
		/event/time : 3.00906,
		/envelope : [0., 0., 0., 0.11255, 9.25547, 0.599742, 0.418564, 93.9286, 0.323967, 0.593036, 93.3433, 0.590734, 0.571329, 84.4187, -0.654035, 0.608351, 39.1325, -0.266282, 0.164244, 98.1465, -0.630128, 0.209748, 47.0359, -0.694327, 0.989153, 16.9288, 0.612887, 0.934122, 51.0694, 0.580655, 0.693164, 2.7914, -0.069742, 0.137731, 484.606, -0.0876878, 0.174628, 5.9408, -0.424209, 0.398136, 52.9017, -0.0247834, 0.566791, 60.2184, -0.685979, 0.1965, 40.7611, 0.650388, 0.738877, 36.9134, 0.17911, 0.350953, 37.6866, -0.542667, 0.641061, 39.4206, -0.59795, 0.140886, 37.4869, -0.290675, 0.817333, 3.53152, 0.399061, 0.47008, 46.1097, 0.57936, 0.234255, 22.3426, 0.668925, 0.858008, 12.6868, -0.482817, 0.205304, 36.421, -0.55568, 0.125161, 27.5901, 0.172135, 0.218736, 25.5333, -0.0191633, 0.948863, 612.475, -0.467084, 0.0962575, 16.5791, -0.229921, 0.430335, 9.09353, -0.282611, 0.350094, 122.334, 0.0122613, 0.260443, 76.8807, 0.470012, 0.686561, 793.892, 0.0675638, 0.632428, 135.495, -0.425244, 0.0981883, 91.0095, 0.471877, 0.5018, 35.9787, -0.213761, 0.104799, 136.723, 0.257633, 0.620146, 93.4655, 0.541305, 0., 987.138, 0.]
	}, {
		/pitch : 1.09898,
		/buffer : "oboe.reartic.2",
		/event/time : 3.95058,
		/envelope : [0., 0., 0., 0.242113, 21.8129, -0.073668, 0.417177, 52.5486, -0.0945702, 0.136681, 36.3556, -0.700405, 0.00447818, 65.4337, 0.00423888, 0.701431, 43.0097, 0.632875, 0.883405, 49.6519, -0.729881, 0.401418, 42.3764, -0.5302, 0.957921, 40.8853, 0.690359, 0.918381, 49.2273, 0.0311721, 0.396871, 71.1323, -0.555053, 0.444305, 50.815, -0.657259, 0.64454, 24.7108, -0.0920634, 0.755291, 23.8118, -0.179567, 0.811722, 428.278, -0.29443, 0.713238, 31.1376, -0.578314, 0.255692, 26.8067, -0.0549479, 0.116068, 20.4158, 0.38406, 0.328548, 59.5527, 0.057405, 0.420222, 39.2023, -0.741821, 0.443152, 52.024, 0.558315, 0.153883, 58.1081, -0.237009, 0.0901471, 41.8349, 0.413081, 0.965352, 16.9161, -0.244822, 0.432051, 70.5417, 0.613565, 0.889836, 5.70948, 0.200525, 0.770925, 3.30005, 0.724372, 0.00150953, 45.012, 0.220686, 0.583024, 578.26, 0.193498, 0.163942, 27.1116, 0.529717, 0.992693, 6.90886, 0.342993, 0.697134, 19.2668, -0.471406, 0.418713, 24.0788, 0.0797569, 0.268031, 79.6758, 0.467522, 0.949403, 54.6442, 0.133165, 0.452801, 19.2413, 0.188972, 0.984172, 21.0604, 0.317682, 0.476985, 67.2056, 0.111227, 0.818591, 11.2094, -0.536026, 0.302128, 72.2911, 0.409216, 0.286075, 668.694, -0.696059, 0.957402, 16.6392, -0.391082, 0.957303, 133.348, -0.188075, 0.258273, 4.65398, -0.321111, 0.626778, 2.57205, -0.363349, 0.650965, 73.6681, -0.25041, 0.0706743, 10.721, 0.199246, 0.698381, 964.391, 0.164303, 0., 291.014, 0.]
	}, {
		/pitch : 0.979076,
		/buffer : "oboe.reartic.6",
		/event/time : 4.6231,
		/envelope : [0., 0., 0., 0.097592, 30., 0.265362, 0.925143, 4557.27, -0.597737, 0., 30., 0.]
	}, {
		/pitch : 0.979076,
		/buffer : "oboe.reartic.4",
		/event/time : 4.66727,
		/envelope : [0., 0., 0., 0.869543, 30., -0.389757, 0.0647902, 4557.27, -0.38023, 0., 30., 0.]
	}]
},
/time : 5.82834,
/prefix : "112513549.0367"