/score : {
	/engine : "reartic",
	/instrument : "cello",
	/samples : ["Vc-cre_dec-A4-ppmfpp-1c.aif", "Vc-trem-A4-mf-1c.aif", "Vc-ord-A4-mf-2c.aif", "Vc-ord_trem-B4-mf-1c.aif", "Vc-pizz-lv-A4-ff-1c.aif"],
	/suffix : "_cello_reartic.wav",
	/time : 3.49033,
	/events : [{
		/pitch : 1.00028,
		/buffer : "cello.reartic.1",
		/event/time : 0.05,
		/envelope : [0., 0., 0., 0.790044, 71.6626, 0.706757, 0.591394, 59.6008, 0.590751, 0.572203, 4.13539, -0.493891, 0.957316, 6.07241, 0.417125, 0.274936, 28.0981, 0.147925, 0.887896, 44.2026, -0.269867, 0.104377, 34.7525, -0.619355, 0.453406, 10.3474, 0.330237, 0.421916, 14.7118, -0.0889162, 0.834502, 59.7684, -0.620513, 0.596784, 8.33919, 0.0437583, 0.663888, 682.919, -0.662935, 0.431673, 73.6865, 0.266928, 0.987659, 107.039, 0.682036, 0.427359, 117.916, -0.660226, 0.944387, 8.73278, -0.492329, 0.0438774, 16.0919, -0.738087, 0.985515, 17.4463, 0.673347, 0.142149, 747.093, 0.61838, 0.226125, 112.267, 0.436553, 0.478944, 163.907, -0.13301, 0.768982, 147.064, 0.234031, 0.105588, 107.774, 0.0462138, 0.859846, 547.281, -0.103822, 0., 299.421, 0.]
	}, {
		/pitch : 1.00028,
		/buffer : "cello.reartic.5",
		/event/time : 0.639752,
		/envelope : [0., 0., 1., 0.701908, 1030.56, -0.116469, 0.701908, 317.722, 1., 0., 2142.04, 0.0565655]
	}, {
		/pitch : 0.89115,
		/buffer : "cello.reartic.4",
		/event/time : 1.46541,
		/envelope : [0., 0., 0., 0.524023, 51.5808, 0.5434, 0.116452, 29.1267, -0.109216, 0.679126, 46.133, 0.236375, 0.38034, 16.4318, 0.0502433, 0.495508, 44.3944, -0.381773, 0.68977, 1.03418, -0.344503, 0.71162, 9.17352, 0.717705, 0.349139, 51.7335, 0.694365, 0.501452, 56.5655, -0.488624, 0.446873, 61.4583, 0.206735, 0.190055, 30.4973, -0.596274, 0.951437, 52.6342, -0.369429, 0.868394, 60.8081, 0.316114, 0.781023, 59.204, -0.37929, 0.689343, 41.1924, -0.0415349, 0.300646, 9.92274, 0.726278, 0.915485, 452.038, 0.584738, 0.386587, 87.4087, 0.449918, 0.596817, 31.0695, -0.722037, 0.823566, 144.783, -0.671036, 0.658315, 173.777, -0.271005, 0.266297, 749.253, 0.462696, 0.818003, 48.9397, 0.534792, 0.299846, 247.1, 0.430906, 0., 934.069, 0.]
	}, {
		/pitch : 1.00028,
		/buffer : "cello.reartic.3",
		/event/time : 2.52696,
		/envelope : [0., 0., 1., 0.624757, 794.897, -0.727482, 0.624757, 315.523, 1., 0., 2379.91, 0.305295]
	}, {
		/pitch : 1.00028,
		/buffer : "cello.reartic.2",
		/event/time : 3.54033,
		/envelope : [0., 0., 0., 0.10718, 30., -0.363148, 0.922155, 3430.33, -0.29724, 0., 30., 0.]
	}]
},
/time : 4.06149,
/prefix : "112512926.0337"