/score : {
	/engine : "reartic",
	/instrument : "viola",
	/samples : ["Va-art-harm-G#7-mf-1c.aif", "Va-art-harm-trem-G#7-mf-1c.aif"],
	/suffix : "_viola_reartic.wav",
	/time : 4.89115,
	/events : [{
		/pitch : 1.,
		/buffer : "viola.reartic.1",
		/event/time : 0.05,
		/envelope : [0., 0., 1., 0.523694, 2393.76, 0.565685, 0.523694, 122.668, 1., 0., 2374.72, 0.552186]
	}, {
		/pitch : 1.,
		/buffer : "viola.reartic.2",
		/event/time : 0.41123,
		/envelope : [0., 0., 1., 0.630901, 1854.25, -0.152455, 0.630901, 118.827, 1., 0., 2918.07, 0.622153]
	}, {
		/pitch : 1.,
		/buffer : "viola.reartic.2",
		/event/time : 1.61533,
		/envelope : [0., 0., 0., 0.934178, 30., -0.803696, 0.126961, 4831.15, 0.48347, 0., 30., 0.]
	}, {
		/pitch : 1.,
		/buffer : "viola.reartic.1",
		/event/time : 2.21738,
		/envelope : [0., 0., 0., 0.355442, 12.9234, -0.40395, 0.443076, 32.2871, 0.593671, 0.106978, 16.6038, -0.158307, 0.0935135, 23.1114, 0.702854, 0.691595, 21.7147, 0.490027, 0.485858, 0.684307, -0.107236, 0.766343, 38.6964, -0.531799, 0.916882, 45.0293, -0.0805273, 0.479341, 29.445, 0.109051, 0.658067, 36.0479, -0.420852, 0.848751, 5.38861, -0.561212, 0.475362, 38.9846, 0.329136, 0.015343, 5.48075, -0.317484, 0.755223, 40.0205, 0.380892, 0.0246997, 37.9699, -0.154303, 0.432844, 11.3455, -0.150764, 0.792156, 17.1815, -0.155667, 0.481975, 22.1554, -0.198757, 0.779109, 39.004, 0.143117, 0.601036, 25.1349, 0.726725, 0.438886, 41.8116, -0.343657, 0.785338, 498.356, 0.0411218, 0.0272722, 57.358, 0.407404, 0.320793, 65.2126, -0.0593901, 0.737748, 54.1095, 0.709866, 0.869088, 38.6122, -0.386374, 0.530106, 33.1021, 0.746459, 0.159807, 81.4098, 0.683253, 0.138805, 3.0077, 0.232572, 0.829814, 6.89552, -0.119132, 0.0126488, 0.472737, 0.618733, 0.193348, 51.6729, -0.492147, 0.0640813, 617.015, 0.495977, 0.832642, 78.5063, 0.367501, 0.849553, 75.977, -0.0853118, 0.817741, 72.8821, -0.15577, 0.121606, 24.5382, 0.190328, 0.182561, 57.0959, -0.431058, 0.091347, 28.6207, -0.599416, 0.393422, 25.0782, 0.190415, 0.229251, 10.4988, -0.155232, 0.031445, 611.55, 0.526894, 0.96692, 139.216, 0.0657028, 0.878566, 187.275, 0.495624, 0.904137, 3.15283, 0.680951, 0.733485, 6.63272, 0.313716, 0.447787, 866.596, -0.17584, 0.890128, 43.5372, 0.123414, 0.657772, 20.5374, -0.661389, 0., 591.207, 0.]
	}, {
		/pitch : 1.,
		/buffer : "viola.reartic.1",
		/event/time : 3.54189,
		/envelope : [0., 0., 0., 0.252628, 51.608, -0.108054, 0.34739, 77.62, -0.602353, 0.765634, 4.53935, 0.295664, 0.040839, 17.4827, -0.443753, 0.214272, 69.6862, 0.00526829, 0.141323, 54.7489, 0.121419, 0.585339, 16.6892, -0.631732, 0.46307, 14.8652, 0.133003, 0.226296, 79.1165, -0.217842, 0.313295, 39.851, -0.641278, 0.512924, 629.052, -0.213827, 0.606918, 44.3869, 0.329125, 0.804612, 44.6886, 0.0665877, 0.749175, 14.9261, -0.388885, 0.465841, 59.4215, -0.729694, 0.759572, 1.02681, -0.0190355, 0.247426, 19.996, 0.0960488, 0.100333, 16.1664, -0.382258, 0.678006, 46.5662, 0.333834, 0.461534, 0.475736, 0.0730322, 0.524022, 27.0456, 0.501898, 0.116106, 50.2704, 0.134338, 0.0984082, 24.1341, 0.538331, 0.249042, 0.98632, -0.214812, 0.261464, 21.326, -0.699339, 0.561403, 31.1488, -0.565647, 0.465238, 650.768, 0.113197, 0.895818, 21.8131, 0.0693486, 0.445344, 102.63, -0.280751, 0.411147, 93.5838, -0.726021, 0.291843, 32.221, 0.659701, 0.521409, 47.4042, -0.646949, 0.863918, 65.6238, -0.541878, 0.582145, 89.0588, 0.41169, 0.297154, 43.8948, 0.0958208, 0.204123, 449.697, 0.074513, 0.634679, 112.019, -0.00272304, 0.764529, 49.5271, 0.0799787, 0.580196, 45.4785, -0.196066, 0.789861, 47.1145, -0.713389, 0.162142, 108.001, -0.344792, 0.708673, 750.109, -0.716909, 0., 724.379, 0.]
	}, {
		/pitch : 1.,
		/buffer : "viola.reartic.1",
		/event/time : 3.90312,
		/envelope : [0., 0., 0., 0.0935558, 30., 0.541938, 0.791064, 4831.15, 0.580508, 0., 30., 0.]
	}, {
		/pitch : 1.,
		/buffer : "viola.reartic.2",
		/event/time : 4.74599,
		/envelope : [0., 0., 1., 0.570068, 2483.71, 0.0436472, 0.570068, 424.404, 1., 0., 1983.03, 0.600555]
	}, {
		/pitch : 1.,
		/buffer : "viola.reartic.2",
		/event/time : 4.94115,
		/envelope : [0., 0., 0., 0.0378434, 39.8147, -0.135777, 0.43374, 8.42946, 0.288742, 0.921701, 56.6664, 0.725702, 0.871219, 64.0552, -0.561298, 0.95572, 80.9021, -0.137151, 0.166934, 1.80742, 0.0649829, 0.529631, 49.2244, -0.0535234, 0.968508, 35.855, -0.301923, 0.691292, 15.2005, 0.465742, 0.0590244, 78.813, 0.558353, 0.96948, 24.8279, -0.290059, 0.159684, 13.9761, -0.194154, 0.226575, 583.045, 0.142343, 0.704251, 34.7618, -0.170134, 0.891189, 35.2993, 0.316493, 0.0629149, 26.2534, 0.598996, 0.0646047, 51.1632, -0.472379, 0.223352, 3.39719, -0.4347, 0.501439, 39.1906, -0.577092, 0.767032, 20.9664, 0.288175, 0.673687, 13.7159, 0.154029, 0.113444, 19.2763, -0.108296, 0.87011, 44.3623, 0.149199, 0.348881, 5.23064, -0.74627, 0.244441, 2.24887, 0.53134, 0.0146238, 48.6374, -0.202631, 0.248493, 26.9423, -0.541238, 0.0368104, 28.191, -0.0525508, 0.76172, 41.5305, -0.478604, 0.441289, 35.8942, 0.684588, 0.251918, 5.48764, -0.447177, 0.371957, 546.962, 0.459572, 0.0830209, 7.91727, -0.120977, 0.253189, 74.2122, 0.689845, 0.916703, 21.6207, -0.685108, 0.321951, 29.3294, 0.562227, 0.462416, 1.90654, -0.567326, 0.445278, 63.8789, 0.472252, 0.883083, 60.6761, -0.205494, 0.740655, 74.198, -0.666827, 0.471135, 75.8195, -0.250134, 0.682412, 65.4405, -0.524492, 0.624421, 24.7859, 0.155307, 0.782136, 570.994, -0.591848, 0.417784, 79.5718, -0.200684, 0.334539, 183.085, 0.207185, 0.554983, 129.256, -0.23552, 0.510649, 180.327, -0.293128, 0.608606, 528.717, -0.244296, 0., 637.282, 0.]
	}]
},
/time : 6.19297,
/prefix : "112513616.0564"