/score : {
	/engine : "reartic",
	/instrument : "oboe",
	/samples : ["Ob-decresc-A#4-ffpp.aif", "Ob-ord-A4-pp.aif", "Ob-lip-gl-dsc-mod-C5-mf.aif", "Ob-stacc-B4-mf.aif", "Ob-lip-gl-asc-mod-C5-mf.aif", "Ob-dsclrd-fngr-A4-mf.aif"],
	/suffix : "_oboe_reartic.wav",
	/time : 4.22873,
	/events : [{
		/pitch : 0.943874,
		/buffer : "oboe.reartic.1",
		/event/time : 0.05,
		/envelope : [0., 0., 0., 0.249926, 65.8798, -0.0743281, 0.701916, 50.085, -0.148651, 0.682186, 31.4382, 0.432924, 0.402429, 53.6249, -0.491776, 0.0255506, 61.7965, 0.190382, 0.00096403, 68.0835, 0.407022, 0.933123, 28.0788, 0.690603, 0.204988, 47.7622, 0.552727, 0.592685, 34.8018, -0.602132, 0.23531, 62.2979, 0.41317, 0.494182, 26.5406, 0.440482, 0.862008, 4.0052, 0.430409, 0.402065, 68.3024, -0.733239, 0.923225, 28.7902, 0.41489, 0.980182, 418.895, 0.151686, 0.929114, 34.3803, 0.0662993, 0.0679314, 22.6944, -0.250925, 0.900788, 46.8747, 0.439718, 0.306684, 59.3936, -0.603804, 0.804129, 65.8438, -0.508559, 0.288801, 60.75, -0.229774, 0.0907046, 64.616, 0.0615763, 0.595108, 37.1832, 0.707616, 0.803438, 29.0531, -0.681021, 0.72029, 69.8419, 0.0321671, 0.215731, 32.4239, 0.37207, 0.609037, 10.1727, 0.359298, 0.902334, 48.5408, -0.0545852, 0.765702, 459.885, 0.33914, 0.915919, 90.9023, 0.10763, 0.504643, 52.3054, 0.728369, 0.442262, 38.201, 0.183398, 0.272665, 5.25245, 0.0811337, 0.179329, 22.3248, -0.149164, 0.391718, 52.5363, -0.712659, 0.666674, 68.4304, 0.43087, 0.684692, 0.410814, -0.612248, 0.817699, 48.1167, 0.445012, 0.482371, 714.101, -0.523298, 0.983167, 37.6461, 0.382577, 0.257104, 1.00261, 0.0715825, 0., 1005.46, 0.]
	}, {
		/pitch : 0.840896,
		/buffer : "oboe.reartic.5",
		/event/time : 0.587071,
		/envelope : [0., 0., 0., 0.0393064, 12.9382, -0.524594, 0.467637, 24.4313, -0.564403, 0.316871, 107.688, 0.406367, 0.947853, 49.7032, 0.712374, 0.964208, 109.333, 0.480466, 0.754477, 54.8395, -0.0930532, 0.282796, 96.2735, 0.681169, 0.710925, 57.7037, -0.532122, 0.546501, 96.1428, -0.658927, 0.869718, 436.097, -0.541485, 0.0608183, 9.68163, 0.459618, 0.508613, 58.5371, 0.149384, 0.309333, 67.1566, 0.415349, 0.818269, 3.23673, 0.624184, 0.631194, 130.806, 0.643902, 0.672843, 4.16918, -0.686379, 0.859116, 704.313, 0.0889492, 0.31752, 28.3349, 0.0677094, 0.0233814, 54.2179, 0.676467, 0.851062, 50.2485, 0.411375, 0.594204, 56.8664, 0.622566, 0.293198, 107.486, -0.371595, 0.871589, 27.8189, -0.692464, 0.125227, 89.1687, -0.0143985, 0.484669, 30.5475, 0.581475, 0.494023, 705.957, 0.360099, 0.042092, 162.529, 0.209503, 0.708445, 12.9853, 0.00515878, 0., 879.518, 0.]
	}, {
		/pitch : 0.840896,
		/buffer : "oboe.reartic.3",
		/event/time : 1.66121,
		/envelope : [0., 0., 0., 0.826411, 30., 0.386498, 0.0874322, 4168.73, -0.379256, 0., 30., 0.]
	}, {
		/pitch : 1.,
		/buffer : "oboe.reartic.6",
		/event/time : 2.19828,
		/envelope : [0., 0., 0., 0.15205, 23.477, 0.274089, 0.104061, 4.6634, 0.412149, 0.766405, 48.3495, 0.459826, 0.646626, 37.8088, -0.497275, 0.784575, 58.091, 0.100902, 0.887578, 38.3804, -0.343799, 0.507104, 10.5011, -0.618875, 0.750675, 54.0941, -0.185949, 0.395982, 33.0358, 0.580903, 0.753418, 9.21666, 0.0640712, 0.846806, 11.9562, -0.364863, 0.216156, 3.56511, 0.20502, 0.607347, 46.8805, -0.00456419, 0.80442, 8.91299, 0.0138268, 0.148651, 12.1231, -0.371061, 0.185664, 42.592, 0.452618, 0.149596, 593.955, -0.437904, 0.469348, 33.3864, -0.0924738, 0.594114, 43.2011, 0.0601307, 0.551915, 57.3205, 0.143895, 0.840885, 2.76331, 0.456016, 0.144952, 65.8069, 0.729146, 0.263512, 51.8398, 0.349046, 0.599173, 26.8722, 0.22263, 0.0522889, 40.2478, -0.43419, 0.805697, 23.7496, 0.379074, 0.518837, 53.5318, -0.521479, 0.0776678, 585.921, 0.304569, 0.586871, 76.4778, -0.453339, 0.430913, 109.084, -0.247985, 0.609137, 101.949, -0.706489, 0.429449, 26.4194, -0.437261, 0.467261, 121.576, 0.224817, 0.0278148, 47.8635, 0.256086, 0.481502, 20.1473, -0.0769405, 0.00580633, 665.652, -0.269201, 0.00980446, 26.9402, 0.0873162, 0., 1010.38, 0.]
	}, {
		/pitch : 1.,
		/buffer : "oboe.reartic.2",
		/event/time : 2.86962,
		/envelope : [0., 0., 0., 0.0536973, 30., 0.384298, 0.875973, 4168.73, -0.0193395, 0., 30., 0.]
	}, {
		/pitch : 0.890899,
		/buffer : "oboe.reartic.4",
		/event/time : 4.27873,
		/envelope : [0., 0., 0., 0.144421, 30., 0.697644, 0.953532, 4168.73, -0.520118, 0., 30., 0.]
	}]
},
/time : 5.43296,
/prefix : "112514410.0541"