/score : {
	/engine : "reartic",
	/instrument : "oboe",
	/samples : ["Ob-vib-C6-mf.aif", "Ob-decresc-D6-ffpp.aif", "Ob-flatt-C6-mf.aif", "Ob-stacc-B5-mf.aif", "Ob-decresc-A#5-ffpp.aif", "Ob-lip-gl-dsc-slow-D6-mf.aif", "Ob-lip-gl-dsc-mod-D6-mf.aif", "Ob-ord-C6-ff.aif", "Ob-lip-gl-asc-mod-D6-mf.aif"],
	/suffix : "_oboe_reartic.wav",
	/time : 4.78914,
	/events : [{
		/pitch : 1.,
		/buffer : "oboe.reartic.1",
		/event/time : 0.05,
		/envelope : [0., 0., 0., 0.149262, 30., -0.288864, 0.929205, 4729.14, 0.846479, 0., 30., 0.]
	}, {
		/pitch : 1.,
		/buffer : "oboe.reartic.8",
		/event/time : 0.175206,
		/envelope : [0., 0., 1., 0.976808, 1212.09, -0.0356552, 0.976808, 812.572, 1., 0., 2764.48, 0.604163]
	}, {
		/pitch : 1.12246,
		/buffer : "oboe.reartic.5",
		/event/time : 0.676028,
		/envelope : [0., 0., 1., 0.90613, 3146.59, -0.200874, 0.90613, 89.2902, 1., 0., 1553.26, -0.687538]
	}, {
		/pitch : 1.,
		/buffer : "oboe.reartic.3",
		/event/time : 1.17685,
		/envelope : [0., 0., 1., 0.855893, 3496.73, 0.65117, 0.855893, 605.22, 1., 0., 687.195, 0.350485]
	}, {
		/pitch : 0.890899,
		/buffer : "oboe.reartic.6",
		/event/time : 1.80288,
		/envelope : [0., 0., 0., 0.638413, 47.1045, 0.439547, 0.32254, 7.9997, -0.381444, 0.298577, 45.6153, 0.220178, 0.448949, 51.2449, 0.67414, 0.264385, 40.9002, -0.218967, 0.569518, 29.9513, -0.69962, 0.354314, 48.8113, -0.267649, 0.825567, 56.0897, -0.572626, 0.362221, 26.6213, 0.0832728, 0.812579, 68.0364, -0.00865068, 0.24373, 24.5884, 0.100626, 0.215443, 40.9574, -0.728271, 0.772187, 19.1867, 0.514315, 0.601906, 23.8262, 0.207038, 0.339068, 534.478, 0.0471448, 0.637709, 48.5529, -0.363602, 0.0400257, 35.7317, -0.162605, 0.329915, 57.9426, 0.0312273, 0.201975, 25.3065, -0.652529, 0.468308, 53.8796, -0.240434, 0.295896, 7.09242, 0.588579, 0.486603, 47.2865, -0.721497, 0.881937, 14.7913, 0.486077, 0.0864389, 13.8967, -0.718816, 0.575017, 27.1016, -0.364046, 0.945474, 32.1689, 0.211837, 0.159898, 23.8936, -0.135683, 0.00482142, 555.044, -0.370914, 0.575994, 55.1582, -0.118675, 0.0883374, 83.9553, -0.547595, 0.551889, 16.002, -0.573428, 0.0102162, 61.4082, 0.227577, 0.631226, 51.9512, 0.382956, 0.531016, 82.1751, 0.593816, 0.314058, 12.8927, -0.0363011, 0.0745477, 60.5178, -0.666136, 0.726326, 99.138, 0.358962, 0.795057, 583.341, -0.476585, 0.798807, 63.3553, -0.126183, 0.0935514, 118.245, 0.483094, 0.61714, 61.7511, 0.614583, 0.546425, 115.567, -0.442741, 0.601722, 64.4037, 0.485486, 0.0415658, 122.849, 0.614942, 0.163447, 60.5528, 0.467913, 0.10241, 354.896, 0.26435, 0., 712.882, 0.]
	}, {
		/pitch : 0.890899,
		/buffer : "oboe.reartic.9",
		/event/time : 1.92808,
		/envelope : [0., 0., 1., 0.84933, 1186.61, 0.305401, 0.84933, 466.627, 1., 0., 3135.91, -0.332922]
	}, {
		/pitch : 0.890899,
		/buffer : "oboe.reartic.7",
		/event/time : 2.55411,
		/envelope : [0., 0., 0., 0.543768, 21.76, -0.616672, 0.499815, 27.5924, 0.447069, 0.757638, 9.14841, 0.501867, 0.100275, 29.1416, -0.566924, 0.255571, 41.5903, 0.603092, 0.20626, 26.9358, -0.259747, 0.628812, 48.684, -0.345474, 0.542308, 23.1133, -0.381352, 0.732576, 7.87133, 0.0868331, 0.109448, 23.7463, 0.355239, 0.661451, 7.9388, -0.67769, 0.254811, 16.0487, 0.602501, 0.875117, 35.0397, -0.731058, 0.303527, 40.3138, -0.405659, 0.785809, 43.2461, -0.115212, 0.0566009, 36.9991, -0.326545, 0.696416, 11.2108, -0.252118, 0.150089, 19.768, 0.186922, 0.61997, 35.6869, -0.499908, 0.328556, 47.5812, 0.648876, 0.176385, 500.717, -0.379628, 0.631421, 0.288563, -0.549014, 0.843034, 61.1302, 0.123324, 0.941367, 80.3407, -0.0248226, 0.71486, 74.1031, 0.0140916, 0.178765, 79.2146, 0.738627, 0.649364, 16.1724, -0.7259, 0.896602, 27.3293, 0.239232, 0.305487, 51.126, 0.741415, 0.288869, 54.4462, -0.377508, 0.0565477, 84.1002, -0.197734, 0.195522, 473.702, 0.698045, 0.261501, 79.4249, 0.107785, 0.757553, 65.509, 0.353221, 0.425597, 59.2627, -0.092048, 0.78926, 76.8045, 0.722172, 0.158274, 57.4572, -0.494188, 0.0914729, 8.35367, -0.560238, 0.705038, 86.2995, 0.712163, 0.193472, 78.8333, -0.0724968, 0.52373, 58.1342, 0.355447, 0.222523, 65.6326, 0.582124, 0.0616884, 325.495, -0.196481, 0.189806, 90.1907, 0.43818, 0.262583, 142.743, 0.213748, 0.559953, 51.3544, 0.325447, 0.321774, 145.778, -0.195465, 0.191571, 124.322, -0.47424, 0.426997, 728.956, -0.45152, 0., 488.504, 0.]
	}, {
		/pitch : 0.890899,
		/buffer : "oboe.reartic.6",
		/event/time : 3.43055,
		/envelope : [0., 0., 0., 0.756049, 30., 0.616003, 0.0815143, 4729.14, 0.529522, 0., 30., 0.]
	}, {
		/pitch : 0.890899,
		/buffer : "oboe.reartic.2",
		/event/time : 4.30699,
		/envelope : [0., 0., 0., 0.963451, 39.4912, -0.278589, 0.0363326, 47.5207, -0.117374, 0.546355, 40.7549, 0.609829, 0.705467, 27.6216, -0.184323, 0.0794663, 48.973, 0.310675, 0.328827, 32.6981, 0.303062, 0.821318, 54.3444, 0.623692, 0.575865, 51.8624, -0.701741, 0.264176, 15.9892, 0.0396053, 0.629196, 23.6976, 0.746961, 0.490103, 1.53964, 0.0865049, 0.595737, 31.5068, -0.573481, 0.803038, 30.558, 0.251271, 0.515875, 25.4745, -0.492629, 0.713314, 28.439, -0.691542, 0.0386242, 24.8845, -0.459832, 0.59777, 10.1538, 0.414857, 0.667003, 41.3715, -0.680857, 0.0773802, 435.482, 0.350217, 0.26881, 8.02968, -0.719719, 0.33175, 4.40162, 0.382878, 0.700223, 18.1263, -0.632898, 0.41127, 50.7168, 0.33433, 0.790983, 40.754, -0.131462, 0.582885, 41.1349, -0.727688, 0.182929, 29.1307, -0.654125, 0.505466, 16.4172, 0.40965, 0.0574863, 63.8366, 0.560637, 0.56845, 48.9661, -0.189627, 0.686274, 55.9061, -0.623014, 0.321259, 53.0636, -0.492513, 0.295467, 8.29036, 0.00649809, 0.195539, 577.546, -0.606295, 0.309199, 15.7905, 0.310551, 0.824787, 20.5548, -0.0942107, 0.708419, 26.8428, 0.254755, 0.892543, 18.1736, 0.359917, 0.6858, 36.2713, -0.705832, 0.685576, 12.1654, 0.669254, 0.854824, 60.3468, 0.611384, 0.404917, 59.4549, 0.661723, 0.0407289, 49.8514, -0.541429, 0.499571, 740.114, 0.128046, 0.465634, 101.708, -0.536299, 0.651937, 85.0211, 0.290203, 0.243399, 221.68, -0.136344, 0.221261, 541.32, 0.571548, 0.852026, 224.534, 0.515475, 0., 546.63, 0.]
	}, {
		/pitch : 1.05946,
		/buffer : "oboe.reartic.4",
		/event/time : 4.80781,
		/envelope : [0., 0., 0., 0.086935, 30., -0.39606, 0.887109, 4729.14, -0.400896, 0., 30., 0.]
	}, {
		/pitch : 1.,
		/buffer : "oboe.reartic.1",
		/event/time : 4.83914,
		/envelope : [0., 0., 0., 0.526292, 70.8038, 0.025688, 0.694711, 79.113, -0.502542, 0.382908, 20.0252, 0.569199, 0.383064, 77.0327, -0.518882, 0.51113, 17.7395, 0.508532, 0.0263624, 46.0566, -0.0461412, 0.446853, 9.19913, -0.193896, 0.534458, 46.2323, -0.0811938, 0.666725, 83.6589, -0.663675, 0.981496, 563.392, 0.512704, 0.535764, 0.121267, -0.531294, 0.690647, 54.1482, -0.233047, 0.266678, 19.5098, -0.658964, 0.0408874, 26.0197, -0.238957, 0.125644, 6.47613, 0.390738, 0.831167, 42.7136, 0.263253, 0.321858, 44.946, -0.206069, 0.483818, 35.9407, 0.0234906, 0.433139, 0.930042, 0.437603, 0.565957, 45.9147, 0.499809, 0.207487, 29.8037, -0.0206847, 0.891158, 36.6636, 0.0276391, 0.167691, 47.1379, -0.0251344, 0.904811, 36.9898, 0.252006, 0.166699, 48.8744, -0.557861, 0.519921, 44.1932, 0.0724557, 0.247345, 46.9078, -0.154878, 0.370316, 496.664, 0.369086, 0.271137, 36.2588, 0.135883, 0.00148206, 68.9104, 0.588016, 0.162578, 55.9299, 0.730783, 0.577936, 75.3936, -0.646519, 0.0231758, 43.4027, -0.352713, 0.559437, 76.9456, -0.190698, 0.605064, 36.6647, 0.737447, 0.547831, 67.8251, 0.393749, 0.139192, 44.787, 0.0546248, 0.773091, 69.0064, 0.72455, 0.202668, 470.351, -0.461868, 0.549495, 66.961, 0.624314, 0.326773, 99.8796, -0.244459, 0.295052, 81.9371, 0.467174, 0.113243, 39.626, 0.445891, 0.243985, 80.9225, -0.179198, 0.774888, 96.2269, -0.0898791, 0.789817, 28.4106, -0.144807, 0.608818, 532.606, -0.403011, 0.328492, 77.2639, 0.627476, 0., 562.625, 0.]
	}]
},
/time : 6.7925,
/prefix : "112513751.1374"