/score : {
	/engine : "reartic",
	/instrument : "cello",
	/samples : ["Vc-cre_dec-F#3-ppmfpp-2c.aif", "Vc-nonvib-G3-mf-2c.aif", "Vc-ord-G3-mf-2c.aif", "Vc-ord-G3-ff-2c.aif", "Vc-nonvib-G3-pp-2c.aif", "Vc-tasto-G3-mf-2c.aif", "Vc-ord-G3-pp-2c.aif"],
	/suffix : "_cello_reartic.wav",
	/time : 4.92164,
	/events : [{
		/pitch : 1.,
		/buffer : "cello.reartic.7",
		/event/time : 0.05,
		/envelope : [0., 0., 0., 0.687627, 23.9815, 0.651273, 0.440106, 25.7808, -0.183614, 0.99835, 19.2738, 0.680922, 0.120599, 64.0443, -0.264742, 0.754201, 45.1022, -0.333789, 0.180359, 62.1961, 0.441279, 0.758596, 3.43805, 0.292501, 0.532421, 44.1535, 0.320426, 0.865443, 61.4937, -0.511346, 0.632861, 56.9885, 0.00573363, 0.490185, 25.2566, -0.515203, 0.534976, 50.5814, -0.427368, 0.245535, 59.7031, 0.358971, 0.529043, 51.2836, 0.441581, 0.67644, 40.1292, -0.045092, 0.275109, 401.724, 0.587238, 0.550027, 89.3811, 0.367261, 0.056878, 50.02, -0.0109687, 0.659378, 76.4764, -0.533592, 0.786698, 47.7421, 0.235955, 0.714422, 54.9639, -0.467002, 0.249013, 88.4926, -0.0541751, 0.773857, 47.0648, 0.663893, 0.846219, 70.6066, -0.529615, 0.802632, 37.1449, -0.568996, 0.690833, 75.4472, 0.0794993, 0.484901, 349.443, -0.405005, 0.821413, 65.3871, 0.380354, 0.446144, 45.5518, 0.575376, 0.400038, 42.9685, -0.397163, 0.425811, 8.47338, -0.724132, 0.837032, 75.7379, -0.144933, 0.792576, 88.2189, 0.405408, 0.704903, 41.1302, 0.307822, 0.298618, 15.7413, 0.0863791, 0.324186, 75.8799, -0.74792, 0.613537, 22.2887, -0.363282, 0.558091, 625.239, -0.127061, 0.866787, 119.909, 0.702667, 0.839652, 28.4166, -0.0951499, 0.432393, 78.788, 0.234727, 0.806859, 61.8407, -0.498616, 0.32638, 18.8679, -0.547075, 0.973982, 38.5249, -0.382001, 0.284429, 1022.92, -0.148973, 0., 423.848, 0.]
	}, {
		/pitch : 1.,
		/buffer : "cello.reartic.2",
		/event/time : 0.922311,
		/envelope : [0., 0., 0., 0.857159, 30., -0.133242, 0.0741141, 4861.64, 0.73442, 0., 30., 0.]
	}, {
		/pitch : 1.05946,
		/buffer : "cello.reartic.1",
		/event/time : 2.04385,
		/envelope : [0., 0., 0., 0.12526, 30., 0.844495, 0.839413, 4861.64, 0.119146, 0., 30., 0.]
	}, {
		/pitch : 1.,
		/buffer : "cello.reartic.5",
		/event/time : 2.4177,
		/envelope : [0., 0., 0., 0.00365005, 0.685717, -0.530856, 0.108099, 2.92225, 0.0738116, 0.895129, 40.0691, 0.513851, 0.752157, 4.94071, 0.545449, 0.86078, 26.4767, -0.168026, 0.980515, 13.6266, 0.289769, 0.289052, 36.801, 0.168537, 0.90121, 2.20931, 0.306056, 0.556334, 22.0578, 0.586529, 0.530278, 33.5095, -0.587615, 0.209278, 33.5139, -0.187961, 0.0059116, 4.67222, -0.682994, 0.962728, 19.0065, -0.217954, 0.717449, 2.60381, 0.181039, 0.563041, 22.534, 0.468688, 0.89289, 19.7039, -0.633877, 0.151713, 22.5869, -0.21398, 0.959619, 30.7834, 0.297273, 0.359993, 13.6141, 0.397937, 0.321564, 6.8498, 0.736855, 0.36354, 33.6486, -0.268528, 0.490728, 12.9256, -0.0764269, 0.00908326, 18.5106, -0.0892369, 0.556092, 6.95438, 0.524266, 0.705441, 573.554, -0.550316, 0.897667, 37.295, 0.062435, 0.225049, 6.22438, -0.0594744, 0.172963, 74.0963, -0.235434, 0.00180495, 53.2025, -0.409551, 0.602888, 25.8997, -0.0682286, 0.0567205, 6.19744, 0.687942, 0.675328, 28.465, -0.0451965, 0.771509, 45.669, 0.133166, 0.462432, 49.2823, 0.479369, 0.728634, 14.331, -0.29973, 0.453453, 12.9163, 0.686785, 0.782064, 728.345, 0.337285, 0.250541, 1.05861, 0.46638, 0.395637, 52.654, -0.659817, 0.439003, 90.3052, 0.058138, 0.362567, 34.6368, -0.496099, 0.741596, 43.5972, 0.36713, 0.863013, 26.0649, -0.0172432, 0.65091, 13.5939, -0.683295, 0.233362, 47.232, 0.17353, 0.52, 42.0448, -0.167562, 0.0728861, 64.5183, 0.234778, 0.102337, 588.141, 0.169456, 0.690987, 56.8998, 0.495565, 0.789437, 54.2721, -0.492922, 0.901867, 142.043, -0.525616, 0.284556, 0.0636634, 0.285982, 0.278934, 127.963, -0.173015, 0.585608, 89.449, 0.509562, 0.294961, 468.416, -0.632263, 0.0708175, 232.579, -0.416659, 0.408453, 21.2164, -0.187972, 0., 638.208, 0.]
	}, {
		/pitch : 1.,
		/buffer : "cello.reartic.4",
		/event/time : 3.41463,
		/envelope : [0., 0., 1., 0.877429, 1919.15, 0.193995, 0.877429, 59.2701, 1., 0., 2943.22, -0.0506978]
	}, {
		/pitch : 1.,
		/buffer : "cello.reartic.6",
		/event/time : 4.7854,
		/envelope : [0., 0., 0., 0.762082, 23.6262, -0.437364, 0.282611, 63.8067, 0.116119, 0.639641, 30.3408, -0.286886, 0.756786, 25.9145, 0.0390075, 0.139726, 24.1471, -0.289469, 0.860877, 55.2087, -0.726548, 0.165585, 31.0174, -0.731307, 0.765959, 11.9821, -0.584192, 0.118695, 40.9757, 0.179715, 0.122141, 4.55654, -0.105659, 0.94869, 73.9996, -0.0475454, 0.397001, 58.0207, -0.425741, 0.263145, 44.0722, -0.175122, 0.788346, 526.513, -0.191832, 0.483108, 30.9789, 0.506953, 0.609824, 41.534, -0.481893, 0.0618126, 70.3127, -0.498414, 0.0602036, 121.942, -0.218843, 0.449232, 116.9, -0.549321, 0.485886, 114.065, -0.453639, 0.806256, 89.0355, -0.614237, 0.447223, 458.292, 0.511324, 0.921194, 62.4839, 0.471425, 0.134827, 99.8514, -0.182251, 0.526634, 9.38279, -0.713994, 0.290365, 86.64, -0.728257, 0.130946, 108.789, -0.35784, 0.932882, 22.3737, -0.471113, 0.926436, 9.97708, 0.196426, 0.974206, 92.4159, 0.293841, 0.976407, 453.434, 0.394819, 0.558885, 121.698, -0.521824, 0.562887, 20.9467, 0.193766, 0.545065, 35.4028, -0.0511287, 0.412296, 110.82, 0.604091, 0.786393, 51.6689, 0.303873, 0.705732, 25.9666, 0.59216, 0.360106, 106.073, -0.711593, 0.952692, 606.445, 0.637381, 0.434168, 0.435601, -0.545878, 0.240961, 182.3, 0.588714, 0., 657.294, 0.]
	}, {
		/pitch : 1.,
		/buffer : "cello.reartic.3",
		/event/time : 4.97164,
		/envelope : [0., 0., 0., 0.0544935, 30., -0.789679, 0.86982, 4861.64, -0.205848, 0., 30., 0.]
	}]
},
/time : 6.19297,
/prefix : "112513643.0822"